ANTE: (0, 0), (0, 1), (0, 2), (1, 2)
ANTENNA: (0, 0), (0, 1), (0, 2), (1, 2), (0, 3), (1, 3), (0, 4)
ANTENNAE: (0, 0), (0, 1), (0, 2), (1, 2), (0, 3), (1, 3), (0, 4), (0, 5)
ANTENNA: (0, 0), (0, 1), (0, 2), (1, 2), (1, 3), (0, 3), (0, 4)
ANTENNAE: (0, 0), (0, 1), (0, 2), (1, 2), (1, 3), (0, 3), (0, 4), (0, 5)
ANTEBATH: (0, 0), (0, 1), (0, 2), (1, 2), (2, 3), (3, 3), (2, 2), (2, 1)
ANOA: (0, 0), (0, 1), (1, 1), (2, 0)
ANET: (0, 0), (0, 1), (1, 2), (0, 2)
ANENT: (0, 0), (0, 1), (1, 2), (0, 3), (0, 2)
ANENT: (0, 0), (0, 1), (1, 2), (1, 3), (0, 2)
ANENT: (0, 0), (0, 1), (1, 2), (1, 3), (2, 2)
ANET: (0, 0), (0, 1), (1, 2), (2, 2)
ARNE: (0, 0), (1, 0), (0, 1), (1, 2)
ARNEB: (0, 0), (1, 0), (0, 1), (1, 2), (2, 3)
NAOTO: (0, 1), (0, 0), (1, 1), (2, 2), (3, 1)
NOTE: (0, 1), (1, 1), (0, 2), (1, 2)
NORA: (0, 1), (1, 1), (1, 0), (0, 0)
NORA: (0, 1), (1, 1), (1, 0), (2, 0)
NORAH: (0, 1), (1, 1), (1, 0), (2, 0), (2, 1)
NOAH: (0, 1), (1, 1), (2, 0), (2, 1)
NOTE: (0, 1), (1, 1), (2, 2), (1, 2)
NOTA: (0, 1), (1, 1), (2, 2), (3, 3)
NEOTOMA: (0, 1), (1, 2), (1, 1), (2, 2), (3, 1), (4, 2), (3, 3)
NENTA: (0, 1), (1, 2), (1, 3), (2, 2), (3, 3)
NETH: (0, 1), (1, 2), (2, 2), (2, 1)
NEBS: (0, 1), (1, 2), (2, 3), (3, 4)
TONE: (0, 2), (1, 1), (0, 1), (1, 2)
TORA: (0, 2), (1, 1), (1, 0), (0, 0)
TORAN: (0, 2), (1, 1), (1, 0), (0, 0), (0, 1)
TORN: (0, 2), (1, 1), (1, 0), (0, 1)
TORA: (0, 2), (1, 1), (1, 0), (2, 0)
TORAH: (0, 2), (1, 1), (1, 0), (2, 0), (2, 1)
TOETOE: (0, 2), (1, 1), (1, 2), (2, 2), (3, 1), (4, 0)
TOHO: (0, 2), (1, 1), (2, 1), (3, 1)
TOHOME: (0, 2), (1, 1), (2, 1), (3, 1), (4, 2), (4, 3)
TOTE: (0, 2), (1, 1), (2, 2), (1, 2)
TOTO: (0, 2), (1, 1), (2, 2), (3, 1)
TENOR: (0, 2), (1, 2), (0, 1), (1, 1), (1, 0)
TENOTOME: (0, 2), (1, 2), (0, 1), (1, 1), (2, 2), (3, 1), (4, 2), (4, 3)
TENANT: (0, 2), (1, 2), (0, 3), (0, 4), (1, 3), (2, 2)
TENAI: (0, 2), (1, 2), (0, 3), (0, 4), (1, 5)
TENAI: (0, 2), (1, 2), (1, 3), (0, 4), (1, 5)
TENT: (0, 2), (1, 2), (1, 3), (2, 2)
TENTOR: (0, 2), (1, 2), (1, 3), (2, 2), (1, 1), (1, 0)
TENTH: (0, 2), (1, 2), (1, 3), (2, 2), (2, 1)
TENTOR: (0, 2), (1, 2), (1, 3), (2, 2), (3, 1), (4, 1)
TENTAMEN: (0, 2), (1, 2), (1, 3), (2, 2), (3, 3), (4, 2), (4, 3), (5, 2)
TENG: (0, 2), (1, 2), (1, 3), (2, 4)
TENGU: (0, 2), (1, 2), (1, 3), (2, 4), (3, 5)
TETON: (0, 2), (1, 2), (2, 2), (1, 1), (0, 1)
TETH: (0, 2), (1, 2), (2, 2), (2, 1)
NANT: (0, 3), (0, 4), (1, 3), (0, 2)
NANE: (0, 3), (0, 4), (1, 3), (1, 2)
NANT: (0, 3), (0, 4), (1, 3), (2, 2)
NANGA: (0, 3), (0, 4), (1, 3), (2, 4), (3, 3)
NAIG: (0, 3), (0, 4), (1, 5), (2, 4)
NAIGUE: (0, 3), (0, 4), (1, 5), (2, 4), (3, 5), (4, 4)
NAIN: (0, 3), (0, 4), (1, 5), (2, 5)
NEON: (0, 3), (1, 2), (1, 1), (0, 1)
NEOTOMA: (0, 3), (1, 2), (1, 1), (2, 2), (3, 1), (4, 2), (3, 3)
NENTA: (0, 3), (1, 2), (1, 3), (2, 2), (3, 3)
NETH: (0, 3), (1, 2), (2, 2), (2, 1)
NEBS: (0, 3), (1, 2), (2, 3), (3, 4)
ANTON: (0, 4), (0, 3), (0, 2), (1, 1), (0, 1)
ANTE: (0, 4), (0, 3), (0, 2), (1, 2)
ANTENOR: (0, 4), (0, 3), (0, 2), (1, 2), (0, 1), (1, 1), (1, 0)
ANTEBATH: (0, 4), (0, 3), (0, 2), (1, 2), (2, 3), (3, 3), (2, 2), (2, 1)
ANENT: (0, 4), (0, 3), (1, 2), (0, 1), (0, 2)
ANET: (0, 4), (0, 3), (1, 2), (0, 2)
ANENT: (0, 4), (0, 3), (1, 2), (1, 3), (0, 2)
ANENT: (0, 4), (0, 3), (1, 2), (1, 3), (2, 2)
ANET: (0, 4), (0, 3), (1, 2), (2, 2)
ANNE: (0, 4), (0, 3), (1, 3), (1, 2)
ANNET: (0, 4), (0, 3), (1, 3), (1, 2), (0, 2)
ANNET: (0, 4), (0, 3), (1, 3), (1, 2), (2, 2)
ANTON: (0, 4), (1, 3), (0, 2), (1, 1), (0, 1)
ANTE: (0, 4), (1, 3), (0, 2), (1, 2)
ANTENOR: (0, 4), (1, 3), (0, 2), (1, 2), (0, 1), (1, 1), (1, 0)
ANTEBATH: (0, 4), (1, 3), (0, 2), (1, 2), (2, 3), (3, 3), (2, 2), (2, 1)
ANNE: (0, 4), (1, 3), (0, 3), (1, 2)
ANNET: (0, 4), (1, 3), (0, 3), (1, 2), (0, 2)
ANNET: (0, 4), (1, 3), (0, 3), (1, 2), (2, 2)
ANENT: (0, 4), (1, 3), (1, 2), (0, 1), (0, 2)
ANET: (0, 4), (1, 3), (1, 2), (0, 2)
ANENT: (0, 4), (1, 3), (1, 2), (0, 3), (0, 2)
ANET: (0, 4), (1, 3), (1, 2), (2, 2)
ANTON: (0, 4), (1, 3), (2, 2), (1, 1), (0, 1)
ANTE: (0, 4), (1, 3), (2, 2), (1, 2)
ANTENOR: (0, 4), (1, 3), (2, 2), (1, 2), (0, 1), (1, 1), (1, 0)
ANTHRONE: (0, 4), (1, 3), (2, 2), (2, 1), (1, 0), (1, 1), (0, 1), (1, 2)
ANTHRAX: (0, 4), (1, 3), (2, 2), (2, 1), (1, 0), (2, 0), (3, 0)
ANTDOM: (0, 4), (1, 3), (2, 2), (3, 2), (3, 1), (4, 2)
ANTA: (0, 4), (1, 3), (2, 2), (3, 3)
ANTAS: (0, 4), (1, 3), (2, 2), (3, 3), (3, 4)
ANTAE: (0, 4), (1, 3), (2, 2), (3, 3), (4, 3)
ANTAE: (0, 4), (1, 3), (2, 2), (3, 3), (4, 4)
ANTAEUS: (0, 4), (1, 3), (2, 2), (3, 3), (4, 4), (3, 5), (3, 4)
ANBA: (0, 4), (1, 3), (2, 3), (3, 3)
ANGIE: (0, 4), (1, 3), (2, 4), (1, 5), (0, 5)
ANGA: (0, 4), (1, 3), (2, 4), (3, 3)
ANGAS: (0, 4), (1, 3), (2, 4), (3, 3), (3, 4)
ANGUS: (0, 4), (1, 3), (2, 4), (3, 5), (3, 4)
AWEING: (0, 4), (1, 4), (0, 5), (1, 5), (2, 5), (2, 4)
AWIN: (0, 4), (1, 4), (1, 5), (2, 5)
AWING: (0, 4), (1, 4), (1, 5), (2, 5), (2, 4)
AWNS: (0, 4), (1, 4), (2, 5), (3, 4)
AINS: (0, 4), (1, 5), (2, 5), (3, 4)
AINU: (0, 4), (1, 5), (2, 5), (3, 5)
AINUS: (0, 4), (1, 5), (2, 5), (3, 5), (3, 4)
EWING: (0, 5), (1, 4), (1, 5), (2, 5), (2, 4)
EIGNE: (0, 5), (1, 5), (2, 4), (1, 3), (1, 2)
RANT: (1, 0), (0, 0), (0, 1), (0, 2)
RANE: (1, 0), (0, 0), (0, 1), (1, 2)
ROAN: (1, 0), (1, 1), (0, 0), (0, 1)
RONE: (1, 0), (1, 1), (0, 1), (1, 2)
ROTE: (1, 0), (1, 1), (0, 2), (1, 2)
ROTE: (1, 0), (1, 1), (2, 2), (1, 2)
ROTO: (1, 0), (1, 1), (2, 2), (3, 1)
ROTOR: (1, 0), (1, 1), (2, 2), (3, 1), (4, 1)
ROTA: (1, 0), (1, 1), (2, 2), (3, 3)
ROTAS: (1, 0), (1, 1), (2, 2), (3, 3), (3, 4)
ROTAMEN: (1, 0), (1, 1), (2, 2), (3, 3), (4, 2), (4, 3), (5, 2)
RHET: (1, 0), (2, 1), (1, 2), (0, 2)
RHEO: (1, 0), (2, 1), (1, 2), (1, 1)
RHEOTOME: (1, 0), (2, 1), (1, 2), (1, 1), (2, 2), (3, 1), (4, 2), (4, 3)
RHET: (1, 0), (2, 1), (1, 2), (2, 2)
RHETOR: (1, 0), (2, 1), (1, 2), (2, 2), (3, 1), (4, 1)
RHODA: (1, 0), (2, 1), (3, 1), (3, 2), (3, 3)
RHODES: (1, 0), (2, 1), (3, 1), (3, 2), (4, 3), (3, 4)
ORANT: (1, 1), (1, 0), (0, 0), (0, 1), (0, 2)
ORANTE: (1, 1), (1, 0), (0, 0), (0, 1), (0, 2), (1, 2)
ORNA: (1, 1), (1, 0), (0, 1), (0, 0)
ETNA: (1, 2), (0, 2), (0, 1), (0, 0)
ETNA: (1, 2), (0, 2), (0, 3), (0, 4)
ETON: (1, 2), (0, 2), (1, 1), (0, 1)
ETNA: (1, 2), (0, 2), (1, 3), (0, 4)
ENWING: (1, 2), (0, 3), (1, 4), (1, 5), (2, 5), (2, 4)
EOAN: (1, 2), (1, 1), (0, 0), (0, 1)
ENWING: (1, 2), (1, 3), (1, 4), (1, 5), (2, 5), (2, 4)
ENTOM: (1, 2), (1, 3), (2, 2), (3, 1), (4, 2)
ENTAD: (1, 2), (1, 3), (2, 2), (3, 3), (3, 2)
ENTAME: (1, 2), (1, 3), (2, 2), (3, 3), (4, 2), (4, 3)
ENGIN: (1, 2), (1, 3), (2, 4), (1, 5), (2, 5)
ENGS: (1, 2), (1, 3), (2, 4), (3, 4)
ETON: (1, 2), (2, 2), (1, 1), (0, 1)
ETNA: (1, 2), (2, 2), (1, 3), (0, 4)
ETAS: (1, 2), (2, 2), (3, 3), (3, 4)
NANT: (1, 3), (0, 4), (0, 3), (0, 2)
NANE: (1, 3), (0, 4), (0, 3), (1, 2)
NAIG: (1, 3), (0, 4), (1, 5), (2, 4)
NAIGUE: (1, 3), (0, 4), (1, 5), (2, 4), (3, 5), (4, 4)
NAIN: (1, 3), (0, 4), (1, 5), (2, 5)
NEON: (1, 3), (1, 2), (1, 1), (0, 1)
NEOTOMA: (1, 3), (1, 2), (1, 1), (2, 2), (3, 1), (4, 2), (3, 3)
NETH: (1, 3), (1, 2), (2, 2), (2, 1)
NEBS: (1, 3), (1, 2), (2, 3), (3, 4)
WANT: (1, 4), (0, 4), (0, 3), (0, 2)
WANTON: (1, 4), (0, 4), (0, 3), (0, 2), (1, 1), (0, 1)
WANE: (1, 4), (0, 4), (0, 3), (1, 2)
WANT: (1, 4), (0, 4), (1, 3), (0, 2)
WANTON: (1, 4), (0, 4), (1, 3), (0, 2), (1, 1), (0, 1)
WANE: (1, 4), (0, 4), (1, 3), (1, 2)
WANT: (1, 4), (0, 4), (1, 3), (2, 2)
WANTON: (1, 4), (0, 4), (1, 3), (2, 2), (1, 1), (0, 1)
WANG: (1, 4), (0, 4), (1, 3), (2, 4)
WANGA: (1, 4), (0, 4), (1, 3), (2, 4), (3, 3)
WANGUN: (1, 4), (0, 4), (1, 3), (2, 4), (3, 5), (2, 5)
WANGUNS: (1, 4), (0, 4), (1, 3), (2, 4), (3, 5), (2, 5), (3, 4)
WAIN: (1, 4), (0, 4), (1, 5), (2, 5)
WAINS: (1, 4), (0, 4), (1, 5), (2, 5), (3, 4)
WEAN: (1, 4), (0, 5), (0, 4), (0, 3)
WEAN: (1, 4), (0, 5), (0, 4), (1, 3)
WIGS: (1, 4), (1, 5), (2, 4), (3, 4)
WING: (1, 4), (1, 5), (2, 5), (2, 4)
WINGATE: (1, 4), (1, 5), (2, 5), (2, 4), (3, 3), (2, 2), (1, 2)
WINGS: (1, 4), (1, 5), (2, 5), (2, 4), (3, 4)
WINGSEED: (1, 4), (1, 5), (2, 5), (2, 4), (3, 4), (4, 4), (4, 3), (3, 2)
WINS: (1, 4), (1, 5), (2, 5), (3, 4)
IGNAW: (1, 5), (2, 4), (1, 3), (0, 4), (1, 4)
IGAD: (1, 5), (2, 4), (3, 3), (3, 2)
INGA: (1, 5), (2, 5), (2, 4), (3, 3)
INGATE: (1, 5), (2, 5), (2, 4), (3, 3), (2, 2), (1, 2)
INGUEN: (1, 5), (2, 5), (2, 4), (3, 5), (4, 4), (5, 5)
INSAME: (1, 5), (2, 5), (3, 4), (3, 3), (4, 2), (4, 3)
INSUE: (1, 5), (2, 5), (3, 4), (3, 5), (4, 4)
INSEA: (1, 5), (2, 5), (3, 4), (4, 3), (3, 3)
INSEAM: (1, 5), (2, 5), (3, 4), (4, 3), (3, 3), (4, 2)
INSEE: (1, 5), (2, 5), (3, 4), (4, 3), (4, 4)
INSENSE: (1, 5), (2, 5), (3, 4), (4, 3), (5, 2), (6, 2), (6, 3)
INSENSE: (1, 5), (2, 5), (3, 4), (4, 3), (5, 2), (6, 2), (7, 1)
INSET: (1, 5), (2, 5), (3, 4), (4, 3), (5, 3)
INSETS: (1, 5), (2, 5), (3, 4), (4, 3), (5, 3), (6, 2)
INSEA: (1, 5), (2, 5), (3, 4), (4, 4), (3, 3)
INSEAM: (1, 5), (2, 5), (3, 4), (4, 4), (3, 3), (4, 2)
INSEE: (1, 5), (2, 5), (3, 4), (4, 4), (4, 3)
INSET: (1, 5), (2, 5), (3, 4), (4, 4), (5, 3)
INSETS: (1, 5), (2, 5), (3, 4), (4, 4), (5, 3), (6, 2)
ARNA: (2, 0), (1, 0), (0, 1), (0, 0)
ARNE: (2, 0), (1, 0), (0, 1), (1, 2)
ARNEB: (2, 0), (1, 0), (0, 1), (1, 2), (2, 3)
AHET: (2, 0), (2, 1), (1, 2), (0, 2)
AHET: (2, 0), (2, 1), (1, 2), (2, 2)
AHTENA: (2, 0), (2, 1), (2, 2), (1, 2), (0, 1), (0, 0)
AHTENA: (2, 0), (2, 1), (2, 2), (1, 2), (0, 3), (0, 4)
AHTENA: (2, 0), (2, 1), (2, 2), (1, 2), (1, 3), (0, 4)
AHOM: (2, 0), (2, 1), (3, 1), (4, 2)
AXER: (2, 0), (3, 0), (4, 0), (4, 1)
HOAR: (2, 1), (1, 1), (0, 0), (1, 0)
HONT: (2, 1), (1, 1), (0, 1), (0, 2)
HONE: (2, 1), (1, 1), (0, 1), (1, 2)
HOTE: (2, 1), (1, 1), (0, 2), (1, 2)
HORA: (2, 1), (1, 1), (1, 0), (0, 0)
HORN: (2, 1), (1, 1), (1, 0), (0, 1)
HORNET: (2, 1), (1, 1), (1, 0), (0, 1), (1, 2), (0, 2)
HORNET: (2, 1), (1, 1), (1, 0), (0, 1), (1, 2), (2, 2)
HORA: (2, 1), (1, 1), (1, 0), (2, 0)
HOAR: (2, 1), (1, 1), (2, 0), (1, 0)
HOAX: (2, 1), (1, 1), (2, 0), (3, 0)
HOAXER: (2, 1), (1, 1), (2, 0), (3, 0), (4, 0), (4, 1)
HOTE: (2, 1), (1, 1), (2, 2), (1, 2)
HENT: (2, 1), (1, 2), (0, 1), (0, 2)
HENT: (2, 1), (1, 2), (0, 3), (0, 2)
HENNA: (2, 1), (1, 2), (0, 3), (1, 3), (0, 4)
HENNAING: (2, 1), (1, 2), (0, 3), (1, 3), (0, 4), (1, 5), (2, 5), (2, 4)
HENT: (2, 1), (1, 2), (1, 3), (0, 2)
HENNA: (2, 1), (1, 2), (1, 3), (0, 3), (0, 4)
HENNAING: (2, 1), (1, 2), (1, 3), (0, 3), (0, 4), (1, 5), (2, 5), (2, 4)
HENT: (2, 1), (1, 2), (1, 3), (2, 2)
HENG: (2, 1), (1, 2), (1, 3), (2, 4)
HARN: (2, 1), (2, 0), (1, 0), (0, 1)
HAOMA: (2, 1), (2, 0), (3, 1), (4, 2), (3, 3)
HOAR: (2, 1), (3, 1), (2, 0), (1, 0)
HOAX: (2, 1), (3, 1), (2, 0), (3, 0)
HOAXER: (2, 1), (3, 1), (2, 0), (3, 0), (4, 0), (4, 1)
HOTE: (2, 1), (3, 1), (2, 2), (1, 2)
HODMEN: (2, 1), (3, 1), (3, 2), (4, 2), (4, 3), (5, 2)
HOER: (2, 1), (3, 1), (4, 0), (4, 1)
HORDE: (2, 1), (3, 1), (4, 1), (3, 2), (4, 3)
HORDEATE: (2, 1), (3, 1), (4, 1), (3, 2), (4, 3), (3, 3), (2, 2), (1, 2)
HORDES: (2, 1), (3, 1), (4, 1), (3, 2), (4, 3), (3, 4)
HORE: (2, 1), (3, 1), (4, 1), (4, 0)
HORME: (2, 1), (3, 1), (4, 1), (4, 2), (4, 3)
HORN: (2, 1), (3, 1), (4, 1), (5, 0)
HORNIE: (2, 1), (3, 1), (4, 1), (5, 0), (6, 0), (7, 0)
HORNIE: (2, 1), (3, 1), (4, 1), (5, 0), (6, 0), (7, 1)
HORNIEST: (2, 1), (3, 1), (4, 1), (5, 0), (6, 0), (7, 1), (6, 2), (5, 3)
HORNIEST: (2, 1), (3, 1), (4, 1), (5, 0), (6, 0), (7, 1), (6, 2), (6, 1)
HORN: (2, 1), (3, 1), (4, 1), (5, 2)
HORNED: (2, 1), (3, 1), (4, 1), (5, 2), (4, 3), (3, 2)
HORNET: (2, 1), (3, 1), (4, 1), (5, 2), (4, 3), (5, 3)
HORNETS: (2, 1), (3, 1), (4, 1), (5, 2), (4, 3), (5, 3), (6, 2)
HORNS: (2, 1), (3, 1), (4, 1), (5, 2), (6, 2)
HORNSTONE: (2, 1), (3, 1), (4, 1), (5, 2), (6, 2), (5, 3), (5, 4), (5, 5), (4, 4)
HORNET: (2, 1), (3, 1), (4, 1), (5, 2), (6, 3), (5, 3)
HORNETS: (2, 1), (3, 1), (4, 1), (5, 2), (6, 3), (5, 3), (6, 2)
HOME: (2, 1), (3, 1), (4, 2), (4, 3)
HOMED: (2, 1), (3, 1), (4, 2), (4, 3), (3, 2)
HOMES: (2, 1), (3, 1), (4, 2), (4, 3), (3, 4)
TONE: (2, 2), (1, 1), (0, 1), (1, 2)
TOTE: (2, 2), (1, 1), (0, 2), (1, 2)
TORA: (2, 2), (1, 1), (1, 0), (0, 0)
TORAN: (2, 2), (1, 1), (1, 0), (0, 0), (0, 1)
TORN: (2, 2), (1, 1), (1, 0), (0, 1)
TORA: (2, 2), (1, 1), (1, 0), (2, 0)
TORAH: (2, 2), (1, 1), (1, 0), (2, 0), (2, 1)
TOHO: (2, 2), (1, 1), (2, 1), (3, 1)
TOHOME: (2, 2), (1, 1), (2, 1), (3, 1), (4, 2), (4, 3)
TENT: (2, 2), (1, 2), (0, 1), (0, 2)
TENTOR: (2, 2), (1, 2), (0, 1), (0, 2), (1, 1), (1, 0)
TENOR: (2, 2), (1, 2), (0, 1), (1, 1), (1, 0)
TETON: (2, 2), (1, 2), (0, 2), (1, 1), (0, 1)
TENT: (2, 2), (1, 2), (0, 3), (0, 2)
TENTOR: (2, 2), (1, 2), (0, 3), (0, 2), (1, 1), (1, 0)
TENANT: (2, 2), (1, 2), (0, 3), (0, 4), (1, 3), (0, 2)
TENAI: (2, 2), (1, 2), (0, 3), (0, 4), (1, 5)
TENT: (2, 2), (1, 2), (1, 3), (0, 2)
TENTOR: (2, 2), (1, 2), (1, 3), (0, 2), (1, 1), (1, 0)
TENANT: (2, 2), (1, 2), (1, 3), (0, 4), (0, 3), (0, 2)
TENAI: (2, 2), (1, 2), (1, 3), (0, 4), (1, 5)
TENG: (2, 2), (1, 2), (1, 3), (2, 4)
TENGU: (2, 2), (1, 2), (1, 3), (2, 4), (3, 5)
THRO: (2, 2), (2, 1), (1, 0), (1, 1)
THRONE: (2, 2), (2, 1), (1, 0), (1, 1), (0, 1), (1, 2)
THROE: (2, 2), (2, 1), (1, 0), (1, 1), (1, 2)
THRAX: (2, 2), (2, 1), (1, 0), (2, 0), (3, 0)
THON: (2, 2), (2, 1), (1, 1), (0, 1)
THONE: (2, 2), (2, 1), (1, 1), (0, 1), (1, 2)
THOR: (2, 2), (2, 1), (1, 1), (1, 0)
THORN: (2, 2), (2, 1), (1, 1), (1, 0), (0, 1)
THORNEN: (2, 2), (2, 1), (1, 1), (1, 0), (0, 1), (1, 2), (0, 3)
THORNEN: (2, 2), (2, 1), (1, 1), (1, 0), (0, 1), (1, 2), (1, 3)
THORAX: (2, 2), (2, 1), (1, 1), (1, 0), (2, 0), (3, 0)
THEN: (2, 2), (2, 1), (1, 2), (0, 1)
THENAR: (2, 2), (2, 1), (1, 2), (0, 1), (0, 0), (1, 0)
THEN: (2, 2), (2, 1), (1, 2), (0, 3)
THEO: (2, 2), (2, 1), (1, 2), (1, 1)
THEOR: (2, 2), (2, 1), (1, 2), (1, 1), (1, 0)
THEN: (2, 2), (2, 1), (1, 2), (1, 3)
THEB: (2, 2), (2, 1), (1, 2), (2, 3)
THAR: (2, 2), (2, 1), (2, 0), (1, 0)
THOR: (2, 2), (2, 1), (3, 1), (4, 1)
THORE: (2, 2), (2, 1), (3, 1), (4, 1), (4, 0)
THORN: (2, 2), (2, 1), (3, 1), (4, 1), (5, 0)
THORNIEST: (2, 2), (2, 1), (3, 1), (4, 1), (5, 0), (6, 0), (7, 1), (6, 2), (5, 3)
THORNIEST: (2, 2), (2, 1), (3, 1), (4, 1), (5, 0), (6, 0), (7, 1), (6, 2), (6, 1)
THORN: (2, 2), (2, 1), (3, 1), (4, 1), (5, 2)
THORNED: (2, 2), (2, 1), (3, 1), (4, 1), (5, 2), (4, 3), (3, 2)
THORNS: (2, 2), (2, 1), (3, 1), (4, 1), (5, 2), (6, 2)
THORNSTONE: (2, 2), (2, 1), (3, 1), (4, 1), (5, 2), (6, 2), (5, 3), (5, 4), (5, 5), (4, 4)
THOMAS: (2, 2), (2, 1), (3, 1), (4, 2), (3, 3), (3, 4)
TOHO: (2, 2), (3, 1), (2, 1), (1, 1)
TOXA: (2, 2), (3, 1), (3, 0), (2, 0)
TODA: (2, 2), (3, 1), (3, 2), (3, 3)
TODE: (2, 2), (3, 1), (3, 2), (4, 3)
TODEA: (2, 2), (3, 1), (3, 2), (4, 3), (3, 3)
TORE: (2, 2), (3, 1), (4, 1), (4, 0)
TORMA: (2, 2), (3, 1), (4, 1), (4, 2), (3, 3)
TORMAE: (2, 2), (3, 1), (4, 1), (4, 2), (3, 3), (4, 3)
TORMAE: (2, 2), (3, 1), (4, 1), (4, 2), (3, 3), (4, 4)
TORMEN: (2, 2), (3, 1), (4, 1), (4, 2), (4, 3), (5, 2)
TORMENT: (2, 2), (3, 1), (4, 1), (4, 2), (4, 3), (5, 2), (5, 3)
TORMENTS: (2, 2), (3, 1), (4, 1), (4, 2), (4, 3), (5, 2), (5, 3), (6, 2)
TORMENT: (2, 2), (3, 1), (4, 1), (4, 2), (4, 3), (5, 2), (6, 1)
TORMENTING: (2, 2), (3, 1), (4, 1), (4, 2), (4, 3), (5, 2), (6, 1), (6, 0), (5, 0), (5, 1)
TORMENTS: (2, 2), (3, 1), (4, 1), (4, 2), (4, 3), (5, 2), (6, 1), (6, 2)
TORN: (2, 2), (3, 1), (4, 1), (5, 0)
TORNIT: (2, 2), (3, 1), (4, 1), (5, 0), (6, 0), (6, 1)
TORN: (2, 2), (3, 1), (4, 1), (5, 2)
TORNESE: (2, 2), (3, 1), (4, 1), (5, 2), (4, 3), (3, 4), (4, 4)
TORNESE: (2, 2), (3, 1), (4, 1), (5, 2), (6, 3), (6, 2), (7, 1)
TOMA: (2, 2), (3, 1), (4, 2), (3, 3)
TOMAS: (2, 2), (3, 1), (4, 2), (3, 3), (3, 4)
TOME: (2, 2), (3, 1), (4, 2), (4, 3)
TOMES: (2, 2), (3, 1), (4, 2), (4, 3), (3, 4)
TOMENT: (2, 2), (3, 1), (4, 2), (4, 3), (5, 2), (5, 3)
TOMENT: (2, 2), (3, 1), (4, 2), (4, 3), (5, 2), (6, 1)
TABET: (2, 2), (3, 3), (2, 3), (1, 2), (0, 2)
TABS: (2, 2), (3, 3), (2, 3), (3, 4)
TAGS: (2, 2), (3, 3), (2, 4), (3, 4)
TAGUS: (2, 2), (3, 3), (2, 4), (3, 5), (3, 4)
TADE: (2, 2), (3, 3), (3, 2), (4, 3)
TASU: (2, 2), (3, 3), (3, 4), (3, 5)
TAME: (2, 2), (3, 3), (4, 2), (4, 3)
TAMED: (2, 2), (3, 3), (4, 2), (4, 3), (3, 2)
TAMES: (2, 2), (3, 3), (4, 2), (4, 3), (3, 4)
TAMENES: (2, 2), (3, 3), (4, 2), (4, 3), (5, 2), (6, 3), (6, 2)
TAEN: (2, 2), (3, 3), (4, 3), (5, 2)
TAEN: (2, 2), (3, 3), (4, 4), (5, 5)
BENA: (2, 3), (1, 2), (0, 1), (0, 0)
BENT: (2, 3), (1, 2), (0, 1), (0, 2)
BENO: (2, 3), (1, 2), (0, 1), (1, 1)
BETON: (2, 3), (1, 2), (0, 2), (1, 1), (0, 1)
BETORN: (2, 3), (1, 2), (0, 2), (1, 1), (1, 0), (0, 1)
BENT: (2, 3), (1, 2), (0, 3), (0, 2)
BENTON: (2, 3), (1, 2), (0, 3), (0, 2), (1, 1), (0, 1)
BENA: (2, 3), (1, 2), (0, 3), (0, 4)
BENN: (2, 3), (1, 2), (0, 3), (1, 3)
BENT: (2, 3), (1, 2), (1, 3), (0, 2)
BENTON: (2, 3), (1, 2), (1, 3), (0, 2), (1, 1), (0, 1)
BENN: (2, 3), (1, 2), (1, 3), (0, 3)
BENA: (2, 3), (1, 2), (1, 3), (0, 4)
BENT: (2, 3), (1, 2), (1, 3), (2, 2)
BENTON: (2, 3), (1, 2), (1, 3), (2, 2), (1, 1), (0, 1)
BENTHON: (2, 3), (1, 2), (1, 3), (2, 2), (2, 1), (1, 1), (0, 1)
BENG: (2, 3), (1, 2), (1, 3), (2, 4)
BEHORN: (2, 3), (1, 2), (2, 1), (1, 1), (1, 0), (0, 1)
BEHORN: (2, 3), (1, 2), (2, 1), (3, 1), (4, 1), (5, 0)
BEHORN: (2, 3), (1, 2), (2, 1), (3, 1), (4, 1), (5, 2)
BETON: (2, 3), (1, 2), (2, 2), (1, 1), (0, 1)
BETORN: (2, 3), (1, 2), (2, 2), (1, 1), (1, 0), (0, 1)
BETH: (2, 3), (1, 2), (2, 2), (2, 1)
BETHORN: (2, 3), (1, 2), (2, 2), (2, 1), (1, 1), (1, 0), (0, 1)
BETHORN: (2, 3), (1, 2), (2, 2), (2, 1), (3, 1), (4, 1), (5, 0)
BETHORN: (2, 3), (1, 2), (2, 2), (2, 1), (3, 1), (4, 1), (5, 2)
BETHORNED: (2, 3), (1, 2), (2, 2), (2, 1), (3, 1), (4, 1), (5, 2), (4, 3), (3, 2)
BETHORNS: (2, 3), (1, 2), (2, 2), (2, 1), (3, 1), (4, 1), (5, 2), (6, 2)
BETORN: (2, 3), (1, 2), (2, 2), (3, 1), (4, 1), (5, 0)
BETORN: (2, 3), (1, 2), (2, 2), (3, 1), (4, 1), (5, 2)
BETA: (2, 3), (1, 2), (2, 2), (3, 3)
BETAG: (2, 3), (1, 2), (2, 2), (3, 3), (2, 4)
BETAS: (2, 3), (1, 2), (2, 2), (3, 3), (3, 4)
BDRM: (2, 3), (3, 2), (4, 1), (4, 2)
BATON: (2, 3), (3, 3), (2, 2), (1, 1), (0, 1)
BATE: (2, 3), (3, 3), (2, 2), (1, 2)
BATH: (2, 3), (3, 3), (2, 2), (2, 1)
BATHE: (2, 3), (3, 3), (2, 2), (2, 1), (1, 2)
BAGNE: (2, 3), (3, 3), (2, 4), (1, 3), (1, 2)
BAGNET: (2, 3), (3, 3), (2, 4), (1, 3), (1, 2), (0, 2)
BAGNET: (2, 3), (3, 3), (2, 4), (1, 3), (1, 2), (2, 2)
BAGIE: (2, 3), (3, 3), (2, 4), (1, 5), (0, 5)
BAGS: (2, 3), (3, 3), (2, 4), (3, 4)
BAGUET: (2, 3), (3, 3), (2, 4), (3, 5), (4, 4), (5, 3)
BAGUETS: (2, 3), (3, 3), (2, 4), (3, 5), (4, 4), (5, 3), (6, 2)
BADMEN: (2, 3), (3, 3), (3, 2), (4, 2), (4, 3), (5, 2)
BADE: (2, 3), (3, 3), (3, 2), (4, 3)
BASE: (2, 3), (3, 3), (3, 4), (4, 3)
BASED: (2, 3), (3, 3), (3, 4), (4, 3), (3, 2)
BASENET: (2, 3), (3, 3), (3, 4), (4, 3), (5, 2), (6, 3), (5, 3)
BASE: (2, 3), (3, 3), (3, 4), (4, 4)
BAMOTH: (2, 3), (3, 3), (4, 2), (3, 1), (2, 2), (2, 1)
GNAW: (2, 4), (1, 3), (0, 4), (1, 4)
GNAWN: (2, 4), (1, 3), (0, 4), (1, 4), (0, 3)
GNAWN: (2, 4), (1, 3), (0, 4), (1, 4), (2, 5)
GIANT: (2, 4), (1, 5), (0, 4), (0, 3), (0, 2)
GIANT: (2, 4), (1, 5), (0, 4), (1, 3), (0, 2)
GIANT: (2, 4), (1, 5), (0, 4), (1, 3), (2, 2)
GINS: (2, 4), (1, 5), (2, 5), (3, 4)
GINSENG: (2, 4), (1, 5), (2, 5), (3, 4), (4, 3), (5, 2), (5, 1)
GINSENGS: (2, 4), (1, 5), (2, 5), (3, 4), (4, 3), (5, 2), (5, 1), (6, 2)
GINSENG: (2, 4), (1, 5), (2, 5), (3, 4), (4, 4), (5, 5), (4, 5)
GNUS: (2, 4), (2, 5), (3, 5), (3, 4)
GATOR: (2, 4), (3, 3), (2, 2), (1, 1), (1, 0)
GATE: (2, 4), (3, 3), (2, 2), (1, 2)
GATHA: (2, 4), (3, 3), (2, 2), (2, 1), (2, 0)
GATOR: (2, 4), (3, 3), (2, 2), (3, 1), (4, 1)
GABE: (2, 4), (3, 3), (2, 3), (1, 2)
GABS: (2, 4), (3, 3), (2, 3), (3, 4)
GADE: (2, 4), (3, 3), (3, 2), (4, 3)
GADES: (2, 4), (3, 3), (3, 2), (4, 3), (3, 4)
GAME: (2, 4), (3, 3), (4, 2), (4, 3)
GAMED: (2, 4), (3, 3), (4, 2), (4, 3), (3, 2)
GAMES: (2, 4), (3, 3), (4, 2), (4, 3), (3, 4)
GAMENE: (2, 4), (3, 3), (4, 2), (4, 3), (5, 2), (6, 3)
GAMETE: (2, 4), (3, 3), (4, 2), (4, 3), (5, 3), (4, 4)
GAMETES: (2, 4), (3, 3), (4, 2), (4, 3), (5, 3), (4, 4), (3, 4)
GAMETE: (2, 4), (3, 3), (4, 2), (4, 3), (5, 3), (6, 3)
GAMETES: (2, 4), (3, 3), (4, 2), (4, 3), (5, 3), (6, 3), (6, 2)
GAED: (2, 4), (3, 3), (4, 3), (3, 2)
GAES: (2, 4), (3, 3), (4, 3), (3, 4)
GAEN: (2, 4), (3, 3), (4, 3), (5, 2)
GAET: (2, 4), (3, 3), (4, 3), (5, 3)
GAES: (2, 4), (3, 3), (4, 4), (3, 4)
GAET: (2, 4), (3, 3), (4, 4), (5, 3)
GAEN: (2, 4), (3, 3), (4, 4), (5, 5)
GUNS: (2, 4), (3, 5), (2, 5), (3, 4)
NUGATOR: (2, 5), (3, 5), (2, 4), (3, 3), (2, 2), (1, 1), (1, 0)
NUGATOR: (2, 5), (3, 5), (2, 4), (3, 3), (2, 2), (3, 1), (4, 1)
NUGAMENT: (2, 5), (3, 5), (2, 4), (3, 3), (4, 2), (4, 3), (5, 2), (5, 3)
NUGAMENT: (2, 5), (3, 5), (2, 4), (3, 3), (4, 2), (4, 3), (5, 2), (6, 1)
NUGAE: (2, 5), (3, 5), (2, 4), (3, 3), (4, 3)
NUGAE: (2, 5), (3, 5), (2, 4), (3, 3), (4, 4)
XEROMA: (3, 0), (4, 0), (4, 1), (3, 1), (4, 2), (3, 3)
OHONE: (3, 1), (2, 1), (1, 1), (0, 1), (1, 2)
OXHORN: (3, 1), (3, 0), (2, 1), (1, 1), (1, 0), (0, 1)
OXER: (3, 1), (3, 0), (4, 0), (4, 1)
OXEN: (3, 1), (3, 0), (4, 0), (5, 0)
ODEA: (3, 1), (3, 2), (4, 3), (3, 3)
ODES: (3, 1), (3, 2), (4, 3), (3, 4)
ODEON: (3, 1), (3, 2), (4, 3), (5, 4), (5, 5)
ORDENE: (3, 1), (4, 1), (3, 2), (4, 3), (5, 2), (6, 3)
ORGIES: (3, 1), (4, 1), (5, 1), (6, 0), (7, 1), (6, 2)
ORNES: (3, 1), (4, 1), (5, 2), (4, 3), (3, 4)
ORNES: (3, 1), (4, 1), (5, 2), (6, 3), (6, 2)
OMEN: (3, 1), (4, 2), (4, 3), (5, 2)
OMENS: (3, 1), (4, 2), (4, 3), (5, 2), (6, 2)
OMNES: (3, 1), (4, 2), (5, 2), (4, 3), (3, 4)
OMNES: (3, 1), (4, 2), (5, 2), (6, 3), (6, 2)
DHARNA: (3, 2), (2, 1), (2, 0), (1, 0), (0, 1), (0, 0)
DOTO: (3, 2), (3, 1), (2, 2), (1, 1)
DOTE: (3, 2), (3, 1), (2, 2), (1, 2)
DOTH: (3, 2), (3, 1), (2, 2), (2, 1)
DOXA: (3, 2), (3, 1), (3, 0), (2, 0)
DOER: (3, 2), (3, 1), (4, 0), (4, 1)
DOEG: (3, 2), (3, 1), (4, 0), (5, 1)
DORM: (3, 2), (3, 1), (4, 1), (4, 2)
DORN: (3, 2), (3, 1), (4, 1), (5, 0)
DORN: (3, 2), (3, 1), (4, 1), (5, 2)
DOME: (3, 2), (3, 1), (4, 2), (4, 3)
DOMES: (3, 2), (3, 1), (4, 2), (4, 3), (3, 4)
DOMENT: (3, 2), (3, 1), (4, 2), (4, 3), (5, 2), (5, 3)
DOMENT: (3, 2), (3, 1), (4, 2), (4, 3), (5, 2), (6, 1)
DOMN: (3, 2), (3, 1), (4, 2), (5, 2)
DATO: (3, 2), (3, 3), (2, 2), (1, 1)
DATE: (3, 2), (3, 3), (2, 2), (1, 2)
DATO: (3, 2), (3, 3), (2, 2), (3, 1)
DABS: (3, 2), (3, 3), (2, 3), (3, 4)
DAGS: (3, 2), (3, 3), (2, 4), (3, 4)
DASE: (3, 2), (3, 3), (3, 4), (4, 3)
DASE: (3, 2), (3, 3), (3, 4), (4, 4)
DAME: (3, 2), (3, 3), (4, 2), (4, 3)
DAMES: (3, 2), (3, 3), (4, 2), (4, 3), (3, 4)
DAMN: (3, 2), (3, 3), (4, 2), (5, 2)
DAMNS: (3, 2), (3, 3), (4, 2), (5, 2), (6, 2)
DROH: (3, 2), (4, 1), (3, 1), (2, 1)
DROMAEUS: (3, 2), (4, 1), (3, 1), (4, 2), (3, 3), (4, 4), (3, 5), (3, 4)
DROME: (3, 2), (4, 1), (3, 1), (4, 2), (4, 3)
DRENG: (3, 2), (4, 1), (4, 0), (5, 0), (5, 1)
DRENT: (3, 2), (4, 1), (4, 0), (5, 0), (6, 1)
DREG: (3, 2), (4, 1), (4, 0), (5, 1)
DREGS: (3, 2), (4, 1), (4, 0), (5, 1), (6, 2)
DEATH: (3, 2), (4, 3), (3, 3), (2, 2), (2, 1)
DEAS: (3, 2), (4, 3), (3, 3), (3, 4)
DESUETE: (3, 2), (4, 3), (3, 4), (3, 5), (4, 4), (5, 3), (6, 3)
DESEAM: (3, 2), (4, 3), (3, 4), (4, 4), (3, 3), (4, 2)
DEMO: (3, 2), (4, 3), (4, 2), (3, 1)
DEMOT: (3, 2), (4, 3), (4, 2), (3, 1), (2, 2)
DEMOTE: (3, 2), (4, 3), (4, 2), (3, 1), (2, 2), (1, 2)
DEES: (3, 2), (4, 3), (4, 4), (3, 4)
DENT: (3, 2), (4, 3), (5, 2), (5, 3)
DENTES: (3, 2), (4, 3), (5, 2), (5, 3), (4, 4), (3, 4)
DENTS: (3, 2), (4, 3), (5, 2), (5, 3), (6, 2)
DENTES: (3, 2), (4, 3), (5, 2), (5, 3), (6, 3), (6, 2)
DENTEL: (3, 2), (4, 3), (5, 2), (5, 3), (6, 3), (7, 3)
DENT: (3, 2), (4, 3), (5, 2), (6, 1)
DENTIN: (3, 2), (4, 3), (5, 2), (6, 1), (6, 0), (5, 0)
DENTINE: (3, 2), (4, 3), (5, 2), (6, 1), (6, 0), (5, 0), (4, 0)
DENTING: (3, 2), (4, 3), (5, 2), (6, 1), (6, 0), (5, 0), (5, 1)
DENTS: (3, 2), (4, 3), (5, 2), (6, 1), (6, 2)
DENTES: (3, 2), (4, 3), (5, 2), (6, 1), (7, 1), (6, 2)
DENS: (3, 2), (4, 3), (5, 2), (6, 2)
DENSE: (3, 2), (4, 3), (5, 2), (6, 2), (6, 3)
DENSE: (3, 2), (4, 3), (5, 2), (6, 2), (7, 1)
DENE: (3, 2), (4, 3), (5, 2), (6, 3)
DENES: (3, 2), (4, 3), (5, 2), (6, 3), (6, 2)
DENEB: (3, 2), (4, 3), (5, 2), (6, 3), (7, 2)
DENEB: (3, 2), (4, 3), (5, 2), (6, 3), (7, 4)
DETENU: (3, 2), (4, 3), (5, 3), (4, 4), (5, 5), (6, 5)
DETN: (3, 2), (4, 3), (5, 3), (5, 2)
DETENT: (3, 2), (4, 3), (5, 3), (6, 3), (5, 2), (6, 1)
DETENTS: (3, 2), (4, 3), (5, 3), (6, 3), (5, 2), (6, 1), (6, 2)
DETENTE: (3, 2), (4, 3), (5, 3), (6, 3), (5, 2), (6, 1), (7, 0)
DETENTE: (3, 2), (4, 3), (5, 3), (6, 3), (5, 2), (6, 1), (7, 1)
DETENTES: (3, 2), (4, 3), (5, 3), (6, 3), (5, 2), (6, 1), (7, 1), (6, 2)
DETEST: (3, 2), (4, 3), (5, 3), (6, 3), (6, 2), (6, 1)
DETESTING: (3, 2), (4, 3), (5, 3), (6, 3), (6, 2), (6, 1), (6, 0), (5, 0), (5, 1)
ATONE: (3, 3), (2, 2), (1, 1), (0, 1), (1, 2)
ATEN: (3, 3), (2, 2), (1, 2), (0, 1)
ATEN: (3, 3), (2, 2), (1, 2), (0, 3)
ATEN: (3, 3), (2, 2), (1, 2), (1, 3)
ATHENA: (3, 3), (2, 2), (2, 1), (1, 2), (0, 1), (0, 0)
ATHENOR: (3, 3), (2, 2), (2, 1), (1, 2), (0, 1), (1, 1), (1, 0)
ATHENA: (3, 3), (2, 2), (2, 1), (1, 2), (0, 3), (0, 4)
ATHENA: (3, 3), (2, 2), (2, 1), (1, 2), (1, 3), (0, 4)
ATHAR: (3, 3), (2, 2), (2, 1), (2, 0), (1, 0)
ATOM: (3, 3), (2, 2), (3, 1), (4, 2)
ABET: (3, 3), (2, 3), (1, 2), (0, 2)
ABET: (3, 3), (2, 3), (1, 2), (2, 2)
ABNET: (3, 3), (2, 3), (1, 3), (1, 2), (0, 2)
ABNET: (3, 3), (2, 3), (1, 3), (1, 2), (2, 2)
ABDOM: (3, 3), (2, 3), (3, 2), (3, 1), (4, 2)
ABDOMEN: (3, 3), (2, 3), (3, 2), (3, 1), (4, 2), (4, 3), (5, 2)
ABDOMENS: (3, 3), (2, 3), (3, 2), (3, 1), (4, 2), (4, 3), (5, 2), (6, 2)
ABSEE: (3, 3), (2, 3), (3, 4), (4, 3), (4, 4)
ABSENT: (3, 3), (2, 3), (3, 4), (4, 3), (5, 2), (5, 3)
ABSENTS: (3, 3), (2, 3), (3, 4), (4, 3), (5, 2), (5, 3), (6, 2)
ABSENT: (3, 3), (2, 3), (3, 4), (4, 3), (5, 2), (6, 1)
ABSENTING: (3, 3), (2, 3), (3, 4), (4, 3), (5, 2), (6, 1), (6, 0), (5, 0), (5, 1)
ABSENTS: (3, 3), (2, 3), (3, 4), (4, 3), (5, 2), (6, 1), (6, 2)
ABSENTEE: (3, 3), (2, 3), (3, 4), (4, 3), (5, 2), (6, 1), (7, 0), (7, 1)
ABSENTEES: (3, 3), (2, 3), (3, 4), (4, 3), (5, 2), (6, 1), (7, 0), (7, 1), (6, 2)
ABSENTEE: (3, 3), (2, 3), (3, 4), (4, 3), (5, 2), (6, 1), (7, 1), (7, 0)
ABSEE: (3, 3), (2, 3), (3, 4), (4, 4), (4, 3)
AGIN: (3, 3), (2, 4), (1, 5), (2, 5)
AGNUS: (3, 3), (2, 4), (2, 5), (3, 5), (3, 4)
AGUE: (3, 3), (2, 4), (3, 5), (4, 4)
AGUES: (3, 3), (2, 4), (3, 5), (4, 4), (3, 4)
ADHARA: (3, 3), (3, 2), (2, 1), (2, 0), (1, 0), (0, 0)
ADOXA: (3, 3), (3, 2), (3, 1), (3, 0), (2, 0)
ADOR: (3, 3), (3, 2), (3, 1), (4, 1)
ADORE: (3, 3), (3, 2), (3, 1), (4, 1), (4, 0)
ADORN: (3, 3), (3, 2), (3, 1), (4, 1), (5, 0)
ADORN: (3, 3), (3, 2), (3, 1), (4, 1), (5, 2)
ADORNS: (3, 3), (3, 2), (3, 1), (4, 1), (5, 2), (6, 2)
ADRENT: (3, 3), (3, 2), (4, 1), (4, 0), (5, 0), (6, 1)
ADMRX: (3, 3), (3, 2), (4, 2), (4, 1), (3, 0)
ADMEN: (3, 3), (3, 2), (4, 2), (4, 3), (5, 2)
ADEN: (3, 3), (3, 2), (4, 3), (5, 2)
ADET: (3, 3), (3, 2), (4, 3), (5, 3)
ASEM: (3, 3), (3, 4), (4, 3), (4, 2)
AMOR: (3, 3), (4, 2), (3, 1), (4, 1)
AMDT: (3, 3), (4, 2), (3, 2), (2, 2)
AMEEN: (3, 3), (4, 2), (4, 3), (4, 4), (5, 5)
AMEN: (3, 3), (4, 2), (4, 3), (5, 2)
AMENT: (3, 3), (4, 2), (4, 3), (5, 2), (5, 3)
AMENTS: (3, 3), (4, 2), (4, 3), (5, 2), (5, 3), (6, 2)
AMENT: (3, 3), (4, 2), (4, 3), (5, 2), (6, 1)
AMENTS: (3, 3), (4, 2), (4, 3), (5, 2), (6, 1), (6, 2)
AMENS: (3, 3), (4, 2), (4, 3), (5, 2), (6, 2)
AMENE: (3, 3), (4, 2), (4, 3), (5, 2), (6, 3)
AMTMEN: (3, 3), (4, 2), (5, 3), (6, 4), (6, 3), (5, 2)
AEON: (3, 3), (4, 3), (5, 4), (5, 5)
AEON: (3, 3), (4, 4), (5, 4), (5, 5)
SGAD: (3, 4), (2, 4), (3, 3), (3, 2)
SNIG: (3, 4), (2, 5), (1, 5), (2, 4)
SNUG: (3, 4), (2, 5), (3, 5), (2, 4)
SNUG: (3, 4), (2, 5), (3, 5), (4, 5)
SATE: (3, 4), (3, 3), (2, 2), (1, 2)
SATD: (3, 4), (3, 3), (2, 2), (3, 2)
SABE: (3, 4), (3, 3), (2, 3), (1, 2)
SADH: (3, 4), (3, 3), (3, 2), (2, 1)
SADHE: (3, 4), (3, 3), (3, 2), (2, 1), (1, 2)
SADO: (3, 4), (3, 3), (3, 2), (3, 1)
SADR: (3, 4), (3, 3), (3, 2), (4, 1)
SADE: (3, 4), (3, 3), (3, 2), (4, 3)
SAMOA: (3, 4), (3, 3), (4, 2), (3, 1), (2, 0)
SAME: (3, 4), (3, 3), (4, 2), (4, 3)
SAMEN: (3, 4), (3, 3), (4, 2), (4, 3), (5, 2)
SUGI: (3, 4), (3, 5), (2, 4), (1, 5)
SUGAT: (3, 4), (3, 5), (2, 4), (3, 3), (2, 2)
SUGAMO: (3, 4), (3, 5), (2, 4), (3, 3), (4, 2), (3, 1)
SUNG: (3, 4), (3, 5), (2, 5), (2, 4)
SUET: (3, 4), (3, 5), (4, 4), (5, 3)
SUETS: (3, 4), (3, 5), (4, 4), (5, 3), (6, 2)
SEDAT: (3, 4), (4, 3), (3, 2), (3, 3), (2, 2)
SEDATE: (3, 4), (4, 3), (3, 2), (3, 3), (2, 2), (1, 2)
SEAT: (3, 4), (4, 3), (3, 3), (2, 2)
SEATHE: (3, 4), (4, 3), (3, 3), (2, 2), (2, 1), (1, 2)
SEAM: (3, 4), (4, 3), (3, 3), (4, 2)
SEEN: (3, 4), (4, 3), (4, 4), (5, 5)
SEENU: (3, 4), (4, 3), (4, 4), (5, 5), (6, 5)
SENGI: (3, 4), (4, 3), (5, 2), (5, 1), (6, 0)
SENT: (3, 4), (4, 3), (5, 2), (5, 3)
SENTS: (3, 4), (4, 3), (5, 2), (5, 3), (6, 2)
SENT: (3, 4), (4, 3), (5, 2), (6, 1)
SENTI: (3, 4), (4, 3), (5, 2), (6, 1), (6, 0)
SENTINE: (3, 4), (4, 3), (5, 2), (6, 1), (6, 0), (5, 0), (4, 0)
SENTS: (3, 4), (4, 3), (5, 2), (6, 1), (6, 2)
SENSE: (3, 4), (4, 3), (5, 2), (6, 2), (6, 3)
SENSE: (3, 4), (4, 3), (5, 2), (6, 2), (7, 1)
SETON: (3, 4), (4, 3), (5, 3), (5, 4), (5, 5)
SETS: (3, 4), (4, 3), (5, 3), (6, 2)
SEAT: (3, 4), (4, 4), (3, 3), (2, 2)
SEATHE: (3, 4), (4, 4), (3, 3), (2, 2), (2, 1), (1, 2)
SEADROME: (3, 4), (4, 4), (3, 3), (3, 2), (4, 1), (3, 1), (4, 2), (4, 3)
SEAM: (3, 4), (4, 4), (3, 3), (4, 2)
SEAMED: (3, 4), (4, 4), (3, 3), (4, 2), (4, 3), (3, 2)
SEAMEN: (3, 4), (4, 4), (3, 3), (4, 2), (4, 3), (5, 2)
SEED: (3, 4), (4, 4), (4, 3), (3, 2)
SEEM: (3, 4), (4, 4), (4, 3), (4, 2)
SEEN: (3, 4), (4, 4), (4, 3), (5, 2)
SEGO: (3, 4), (4, 4), (4, 5), (5, 4)
SEGOU: (3, 4), (4, 4), (4, 5), (5, 4), (6, 5)
SEGNO: (3, 4), (4, 4), (4, 5), (5, 5), (5, 4)
SETON: (3, 4), (4, 4), (5, 3), (5, 4), (5, 5)
SETS: (3, 4), (4, 4), (5, 3), (6, 2)
UNWAN: (3, 5), (2, 5), (1, 4), (0, 4), (0, 3)
UNWANTON: (3, 5), (2, 5), (1, 4), (0, 4), (0, 3), (0, 2), (1, 1), (0, 1)
UNWAN: (3, 5), (2, 5), (1, 4), (0, 4), (1, 3)
UNWANTON: (3, 5), (2, 5), (1, 4), (0, 4), (1, 3), (0, 2), (1, 1), (0, 1)
UNWANTON: (3, 5), (2, 5), (1, 4), (0, 4), (1, 3), (2, 2), (1, 1), (0, 1)
UNWIG: (3, 5), (2, 5), (1, 4), (1, 5), (2, 4)
UNIE: (3, 5), (2, 5), (1, 5), (0, 5)
UNGNAW: (3, 5), (2, 5), (2, 4), (1, 3), (0, 4), (1, 4)
UNGNAWN: (3, 5), (2, 5), (2, 4), (1, 3), (0, 4), (1, 4), (0, 3)
UNGIANT: (3, 5), (2, 5), (2, 4), (1, 5), (0, 4), (0, 3), (0, 2)
UNGIANT: (3, 5), (2, 5), (2, 4), (1, 5), (0, 4), (1, 3), (0, 2)
UNGIANT: (3, 5), (2, 5), (2, 4), (1, 5), (0, 4), (1, 3), (2, 2)
UNSAD: (3, 5), (2, 5), (3, 4), (3, 3), (3, 2)
UNSAME: (3, 5), (2, 5), (3, 4), (3, 3), (4, 2), (4, 3)
UNSEDATE: (3, 5), (2, 5), (3, 4), (4, 3), (3, 2), (3, 3), (2, 2), (1, 2)
UNSEAT: (3, 5), (2, 5), (3, 4), (4, 3), (3, 3), (2, 2)
UNSEAM: (3, 5), (2, 5), (3, 4), (4, 3), (3, 3), (4, 2)
UNSEE: (3, 5), (2, 5), (3, 4), (4, 3), (4, 4)
UNSEEN: (3, 5), (2, 5), (3, 4), (4, 3), (4, 4), (5, 5)
UNSENT: (3, 5), (2, 5), (3, 4), (4, 3), (5, 2), (5, 3)
UNSENT: (3, 5), (2, 5), (3, 4), (4, 3), (5, 2), (6, 1)
UNSENSE: (3, 5), (2, 5), (3, 4), (4, 3), (5, 2), (6, 2), (6, 3)
UNSENSE: (3, 5), (2, 5), (3, 4), (4, 3), (5, 2), (6, 2), (7, 1)
UNSET: (3, 5), (2, 5), (3, 4), (4, 3), (5, 3)
UNSETS: (3, 5), (2, 5), (3, 4), (4, 3), (5, 3), (6, 2)
UNSEAT: (3, 5), (2, 5), (3, 4), (4, 4), (3, 3), (2, 2)
UNSEAM: (3, 5), (2, 5), (3, 4), (4, 4), (3, 3), (4, 2)
UNSEAMED: (3, 5), (2, 5), (3, 4), (4, 4), (3, 3), (4, 2), (4, 3), (3, 2)
UNSEE: (3, 5), (2, 5), (3, 4), (4, 4), (4, 3)
UNSEEN: (3, 5), (2, 5), (3, 4), (4, 4), (4, 3), (5, 2)
UNSET: (3, 5), (2, 5), (3, 4), (4, 4), (5, 3)
UNSETS: (3, 5), (2, 5), (3, 4), (4, 4), (5, 3), (6, 2)
USED: (3, 5), (3, 4), (4, 3), (3, 2)
USEE: (3, 5), (3, 4), (4, 3), (4, 4)
USENT: (3, 5), (3, 4), (4, 3), (5, 2), (5, 3)
USENT: (3, 5), (3, 4), (4, 3), (5, 2), (6, 1)
USENET: (3, 5), (3, 4), (4, 3), (5, 2), (6, 3), (5, 3)
USEE: (3, 5), (3, 4), (4, 4), (4, 3)
EXODE: (4, 0), (3, 0), (3, 1), (3, 2), (4, 3)
EXOR: (4, 0), (3, 0), (3, 1), (4, 1)
ERODE: (4, 0), (4, 1), (3, 1), (3, 2), (4, 3)
ERODES: (4, 0), (4, 1), (3, 1), (3, 2), (4, 3), (3, 4)
ERODENT: (4, 0), (4, 1), (3, 1), (3, 2), (4, 3), (5, 2), (5, 3)
ERODENT: (4, 0), (4, 1), (3, 1), (3, 2), (4, 3), (5, 2), (6, 1)
ERMA: (4, 0), (4, 1), (4, 2), (3, 3)
ERME: (4, 0), (4, 1), (4, 2), (4, 3)
ERNIE: (4, 0), (4, 1), (5, 0), (6, 0), (7, 0)
ERNIE: (4, 0), (4, 1), (5, 0), (6, 0), (7, 1)
ERGS: (4, 0), (4, 1), (5, 1), (6, 2)
ERNE: (4, 0), (4, 1), (5, 2), (4, 3)
ERNES: (4, 0), (4, 1), (5, 2), (4, 3), (3, 4)
ERNS: (4, 0), (4, 1), (5, 2), (6, 2)
ERNST: (4, 0), (4, 1), (5, 2), (6, 2), (5, 3)
ERNST: (4, 0), (4, 1), (5, 2), (6, 2), (6, 1)
ERNE: (4, 0), (4, 1), (5, 2), (6, 3)
ERNES: (4, 0), (4, 1), (5, 2), (6, 3), (6, 2)
ERNEST: (4, 0), (4, 1), (5, 2), (6, 3), (6, 2), (5, 3)
ERNEST: (4, 0), (4, 1), (5, 2), (6, 3), (6, 2), (6, 1)
ENGR: (4, 0), (5, 0), (5, 1), (4, 1)
ENGS: (4, 0), (5, 0), (5, 1), (6, 2)
ENIGMA: (4, 0), (5, 0), (6, 0), (5, 1), (4, 2), (3, 3)
ENIGMAS: (4, 0), (5, 0), (6, 0), (5, 1), (4, 2), (3, 3), (3, 4)
ENTIES: (4, 0), (5, 0), (6, 1), (6, 0), (7, 1), (6, 2)
EGMA: (4, 0), (5, 1), (4, 2), (3, 3)
ROAR: (4, 1), (3, 1), (2, 0), (1, 0)
ROTO: (4, 1), (3, 1), (2, 2), (1, 1)
ROTOR: (4, 1), (3, 1), (2, 2), (1, 1), (1, 0)
ROTE: (4, 1), (3, 1), (2, 2), (1, 2)
ROTA: (4, 1), (3, 1), (2, 2), (3, 3)
ROTAS: (4, 1), (3, 1), (2, 2), (3, 3), (3, 4)
ROTAMEN: (4, 1), (3, 1), (2, 2), (3, 3), (4, 2), (4, 3), (5, 2)
RODMEN: (4, 1), (3, 1), (3, 2), (4, 2), (4, 3), (5, 2)
RODE: (4, 1), (3, 1), (3, 2), (4, 3)
RODENT: (4, 1), (3, 1), (3, 2), (4, 3), (5, 2), (5, 3)
RODENTS: (4, 1), (3, 1), (3, 2), (4, 3), (5, 2), (5, 3), (6, 2)
RODENT: (4, 1), (3, 1), (3, 2), (4, 3), (5, 2), (6, 1)
RODENTS: (4, 1), (3, 1), (3, 2), (4, 3), (5, 2), (6, 1), (6, 2)
RODEO: (4, 1), (3, 1), (3, 2), (4, 3), (5, 4)
ROME: (4, 1), (3, 1), (4, 2), (4, 3)
ROMEO: (4, 1), (3, 1), (4, 2), (4, 3), (5, 4)
RENIG: (4, 1), (4, 0), (5, 0), (6, 0), (5, 1)
RENIGS: (4, 1), (4, 0), (5, 0), (6, 0), (5, 1), (6, 2)
RENT: (4, 1), (4, 0), (5, 0), (6, 1)
RENTS: (4, 1), (4, 0), (5, 0), (6, 1), (6, 2)
RENTE: (4, 1), (4, 0), (5, 0), (6, 1), (7, 0)
RENTEE: (4, 1), (4, 0), (5, 0), (6, 1), (7, 0), (7, 1)
RENTE: (4, 1), (4, 0), (5, 0), (6, 1), (7, 1)
RENTES: (4, 1), (4, 0), (5, 0), (6, 1), (7, 1), (6, 2)
RENTEE: (4, 1), (4, 0), (5, 0), (6, 1), (7, 1), (7, 0)
REGMA: (4, 1), (4, 0), (5, 1), (4, 2), (3, 3)
REGIN: (4, 1), (4, 0), (5, 1), (6, 0), (5, 0)
REGIE: (4, 1), (4, 0), (5, 1), (6, 0), (7, 0)
REGIE: (4, 1), (4, 0), (5, 1), (6, 0), (7, 1)
REGT: (4, 1), (4, 0), (5, 1), (6, 1)
RGEN: (4, 1), (5, 1), (4, 0), (5, 0)
MOHR: (4, 2), (3, 1), (2, 1), (1, 0)
MOHO: (4, 2), (3, 1), (2, 1), (1, 1)
MOHA: (4, 2), (3, 1), (2, 1), (2, 0)
MOHAR: (4, 2), (3, 1), (2, 1), (2, 0), (1, 0)
MOTON: (4, 2), (3, 1), (2, 2), (1, 1), (0, 1)
MOTOR: (4, 2), (3, 1), (2, 2), (1, 1), (1, 0)
MOTE: (4, 2), (3, 1), (2, 2), (1, 2)
MOTET: (4, 2), (3, 1), (2, 2), (1, 2), (0, 2)
MOTH: (4, 2), (3, 1), (2, 2), (2, 1)
MOTA: (4, 2), (3, 1), (2, 2), (3, 3)
MOXA: (4, 2), (3, 1), (3, 0), (2, 0)
MODE: (4, 2), (3, 1), (3, 2), (4, 3)
MODES: (4, 2), (3, 1), (3, 2), (4, 3), (3, 4)
MODENESE: (4, 2), (3, 1), (3, 2), (4, 3), (5, 2), (6, 3), (6, 2), (7, 1)
MORD: (4, 2), (3, 1), (4, 1), (3, 2)
MORDENT: (4, 2), (3, 1), (4, 1), (3, 2), (4, 3), (5, 2), (5, 3)
MORDENTS: (4, 2), (3, 1), (4, 1), (3, 2), (4, 3), (5, 2), (5, 3), (6, 2)
MORDENT: (4, 2), (3, 1), (4, 1), (3, 2), (4, 3), (5, 2), (6, 1)
MORDENTS: (4, 2), (3, 1), (4, 1), (3, 2), (4, 3), (5, 2), (6, 1), (6, 2)
MORE: (4, 2), (3, 1), (4, 1), (4, 0)
MORN: (4, 2), (3, 1), (4, 1), (5, 0)
MORNE: (4, 2), (3, 1), (4, 1), (5, 0), (4, 0)
MORG: (4, 2), (3, 1), (4, 1), (5, 1)
MORGEN: (4, 2), (3, 1), (4, 1), (5, 1), (4, 0), (5, 0)
MORN: (4, 2), (3, 1), (4, 1), (5, 2)
MORNE: (4, 2), (3, 1), (4, 1), (5, 2), (4, 3)
MORNED: (4, 2), (3, 1), (4, 1), (5, 2), (4, 3), (3, 2)
MORNS: (4, 2), (3, 1), (4, 1), (5, 2), (6, 2)
MORNE: (4, 2), (3, 1), (4, 1), (5, 2), (6, 3)
MATE: (4, 2), (3, 3), (2, 2), (1, 2)
MATH: (4, 2), (3, 3), (2, 2), (2, 1)
MATHE: (4, 2), (3, 3), (2, 2), (2, 1), (1, 2)
MATHA: (4, 2), (3, 3), (2, 2), (2, 1), (2, 0)
MAGNA: (4, 2), (3, 3), (2, 4), (1, 3), (0, 4)
MAGNET: (4, 2), (3, 3), (2, 4), (1, 3), (1, 2), (0, 2)
MAGNETO: (4, 2), (3, 3), (2, 4), (1, 3), (1, 2), (0, 2), (1, 1)
MAGNETON: (4, 2), (3, 3), (2, 4), (1, 3), (1, 2), (0, 2), (1, 1), (0, 1)
MAGNET: (4, 2), (3, 3), (2, 4), (1, 3), (1, 2), (2, 2)
MAGNETO: (4, 2), (3, 3), (2, 4), (1, 3), (1, 2), (2, 2), (1, 1)
MAGNETON: (4, 2), (3, 3), (2, 4), (1, 3), (1, 2), (2, 2), (1, 1), (0, 1)
MAGNETO: (4, 2), (3, 3), (2, 4), (1, 3), (1, 2), (2, 2), (3, 1)
MAGNETOD: (4, 2), (3, 3), (2, 4), (1, 3), (1, 2), (2, 2), (3, 1), (3, 2)
MAGI: (4, 2), (3, 3), (2, 4), (1, 5)
MAGIAN: (4, 2), (3, 3), (2, 4), (1, 5), (0, 4), (0, 3)
MAGIAN: (4, 2), (3, 3), (2, 4), (1, 5), (0, 4), (1, 3)
MAGNUS: (4, 2), (3, 3), (2, 4), (2, 5), (3, 5), (3, 4)
MAGS: (4, 2), (3, 3), (2, 4), (3, 4)
MAGUS: (4, 2), (3, 3), (2, 4), (3, 5), (3, 4)
MADO: (4, 2), (3, 3), (3, 2), (3, 1)
MADROA: (4, 2), (3, 3), (3, 2), (4, 1), (3, 1), (2, 0)
MADRE: (4, 2), (3, 3), (3, 2), (4, 1), (4, 0)
MADE: (4, 2), (3, 3), (3, 2), (4, 3)
MASU: (4, 2), (3, 3), (3, 4), (3, 5)
MAED: (4, 2), (3, 3), (4, 3), (3, 2)
MAES: (4, 2), (3, 3), (4, 3), (3, 4)
MAES: (4, 2), (3, 3), (4, 4), (3, 4)
MEAT: (4, 2), (4, 3), (3, 3), (2, 2)
MEATH: (4, 2), (4, 3), (3, 3), (2, 2), (2, 1)
MEATHE: (4, 2), (4, 3), (3, 3), (2, 2), (2, 1), (1, 2)
MEAD: (4, 2), (4, 3), (3, 3), (3, 2)
MEAS: (4, 2), (4, 3), (3, 3), (3, 4)
MEASE: (4, 2), (4, 3), (3, 3), (3, 4), (4, 4)
MESA: (4, 2), (4, 3), (3, 4), (3, 3)
MESAD: (4, 2), (4, 3), (3, 4), (3, 3), (3, 2)
MESE: (4, 2), (4, 3), (3, 4), (4, 4)
MEET: (4, 2), (4, 3), (4, 4), (5, 3)
MEETS: (4, 2), (4, 3), (4, 4), (5, 3), (6, 2)
MEETEN: (4, 2), (4, 3), (4, 4), (5, 3), (6, 3), (5, 2)
MENG: (4, 2), (4, 3), (5, 2), (5, 1)
MENT: (4, 2), (4, 3), (5, 2), (5, 3)
MENT: (4, 2), (4, 3), (5, 2), (6, 1)
MENS: (4, 2), (4, 3), (5, 2), (6, 2)
MENSE: (4, 2), (4, 3), (5, 2), (6, 2), (6, 3)
MENSE: (4, 2), (4, 3), (5, 2), (6, 2), (7, 1)
MENE: (4, 2), (4, 3), (5, 2), (6, 3)
METE: (4, 2), (4, 3), (5, 3), (4, 4)
METES: (4, 2), (4, 3), (5, 3), (4, 4), (3, 4)
METS: (4, 2), (4, 3), (5, 3), (6, 2)
METE: (4, 2), (4, 3), (5, 3), (6, 3)
METES: (4, 2), (4, 3), (5, 3), (6, 3), (6, 2)
METEL: (4, 2), (4, 3), (5, 3), (6, 3), (7, 3)
MNEM: (4, 2), (5, 2), (6, 3), (6, 4)
EDAM: (4, 3), (3, 2), (3, 3), (4, 2)
EATEN: (4, 3), (3, 3), (2, 2), (1, 2), (0, 1)
EATEN: (4, 3), (3, 3), (2, 2), (1, 2), (0, 3)
EATEN: (4, 3), (3, 3), (2, 2), (1, 2), (1, 3)
EATH: (4, 3), (3, 3), (2, 2), (2, 1)
EASE: (4, 3), (3, 3), (3, 4), (4, 4)
EMOTE: (4, 3), (4, 2), (3, 1), (2, 2), (1, 2)
EMDA: (4, 3), (4, 2), (3, 2), (3, 3)
EETEN: (4, 3), (4, 4), (5, 3), (6, 3), (5, 2)
ENGR: (4, 3), (5, 2), (5, 1), (4, 1)
ENGIN: (4, 3), (5, 2), (5, 1), (6, 0), (5, 0)
ENGINE: (4, 3), (5, 2), (5, 1), (6, 0), (5, 0), (4, 0)
ENGS: (4, 3), (5, 2), (5, 1), (6, 2)
ENTEA: (4, 3), (5, 2), (5, 3), (4, 4), (3, 3)
ENTONE: (4, 3), (5, 2), (5, 3), (5, 4), (5, 5), (4, 4)
ENTOM: (4, 3), (5, 2), (5, 3), (5, 4), (6, 4)
ENTOMB: (4, 3), (5, 2), (5, 3), (5, 4), (6, 4), (7, 4)
ENTOMB: (4, 3), (5, 2), (5, 3), (5, 4), (6, 4), (7, 5)
ENTIES: (4, 3), (5, 2), (6, 1), (6, 0), (7, 1), (6, 2)
ENSE: (4, 3), (5, 2), (6, 2), (6, 3)
ENSETE: (4, 3), (5, 2), (6, 2), (6, 3), (5, 3), (4, 4)
ENSE: (4, 3), (5, 2), (6, 2), (7, 1)
ENSETE: (4, 3), (5, 2), (6, 2), (7, 1), (6, 1), (7, 0)
ETEN: (4, 3), (5, 3), (4, 4), (5, 5)
ETON: (4, 3), (5, 3), (5, 4), (5, 5)
ETEN: (4, 3), (5, 3), (6, 3), (5, 2)
EATEN: (4, 4), (3, 3), (2, 2), (1, 2), (0, 1)
EATEN: (4, 4), (3, 3), (2, 2), (1, 2), (0, 3)
EATEN: (4, 4), (3, 3), (2, 2), (1, 2), (1, 3)
EATH: (4, 4), (3, 3), (2, 2), (2, 1)
EASE: (4, 4), (3, 3), (3, 4), (4, 3)
EASED: (4, 4), (3, 3), (3, 4), (4, 3), (3, 2)
EETEN: (4, 4), (4, 3), (5, 3), (6, 3), (5, 2)
ETEN: (4, 4), (5, 3), (4, 3), (5, 2)
ETON: (4, 4), (5, 3), (5, 4), (5, 5)
ETEN: (4, 4), (5, 3), (6, 3), (5, 2)
ENGS: (4, 4), (5, 5), (4, 5), (3, 4)
ENGOUMENT: (4, 4), (5, 5), (4, 5), (5, 4), (6, 5), (6, 4), (6, 3), (5, 2), (5, 3)
ENGOUMENT: (4, 4), (5, 5), (4, 5), (5, 4), (6, 5), (6, 4), (6, 3), (5, 2), (6, 1)
GUNG: (4, 5), (3, 5), (2, 5), (2, 4)
GUNS: (4, 5), (3, 5), (2, 5), (3, 4)
GEAT: (4, 5), (4, 4), (3, 3), (2, 2)
GEASE: (4, 5), (4, 4), (3, 3), (3, 4), (4, 3)
GEED: (4, 5), (4, 4), (4, 3), (3, 2)
GEES: (4, 5), (4, 4), (4, 3), (3, 4)
GEET: (4, 5), (4, 4), (4, 3), (5, 3)
GETS: (4, 5), (4, 4), (5, 3), (6, 2)
GEON: (4, 5), (4, 4), (5, 4), (5, 5)
GEOM: (4, 5), (4, 4), (5, 4), (6, 4)
GENOESE: (4, 5), (4, 4), (5, 5), (5, 4), (6, 3), (6, 2), (7, 1)
GENOM: (4, 5), (4, 4), (5, 5), (5, 4), (6, 4)
GENOME: (4, 5), (4, 4), (5, 5), (5, 4), (6, 4), (6, 3)
GENOMES: (4, 5), (4, 4), (5, 5), (5, 4), (6, 4), (6, 3), (6, 2)
GENU: (4, 5), (4, 4), (5, 5), (6, 5)
GOES: (4, 5), (5, 4), (4, 3), (3, 4)
GOEMOT: (4, 5), (5, 4), (4, 3), (4, 2), (3, 1), (2, 2)
GOEN: (4, 5), (5, 4), (4, 3), (5, 2)
GOES: (4, 5), (5, 4), (4, 4), (3, 4)
GOEN: (4, 5), (5, 4), (4, 4), (5, 5)
GOTE: (4, 5), (5, 4), (5, 3), (4, 3)
GOTE: (4, 5), (5, 4), (5, 3), (4, 4)
GOTE: (4, 5), (5, 4), (5, 3), (6, 3)
GONE: (4, 5), (5, 4), (5, 5), (4, 4)
GOEN: (4, 5), (5, 4), (6, 3), (5, 2)
GOES: (4, 5), (5, 4), (6, 3), (6, 2)
GOEL: (4, 5), (5, 4), (6, 3), (7, 3)
GOME: (4, 5), (5, 4), (6, 4), (6, 3)
GNEU: (4, 5), (5, 5), (4, 4), (3, 5)
GNOME: (4, 5), (5, 5), (5, 4), (6, 4), (6, 3)
GNOMES: (4, 5), (5, 5), (5, 4), (6, 4), (6, 3), (6, 2)
NERD: (5, 0), (4, 0), (4, 1), (3, 2)
NEGRO: (5, 0), (4, 0), (5, 1), (4, 1), (3, 1)
NIGRE: (5, 0), (6, 0), (5, 1), (4, 1), (4, 0)
NITS: (5, 0), (6, 0), (6, 1), (6, 2)
NIES: (5, 0), (6, 0), (7, 1), (6, 2)
GEOD: (5, 1), (4, 0), (3, 1), (3, 2)
GEODE: (5, 1), (4, 0), (3, 1), (3, 2), (4, 3)
GEODES: (5, 1), (4, 0), (3, 1), (3, 2), (4, 3), (3, 4)
GEODETE: (5, 1), (4, 0), (3, 1), (3, 2), (4, 3), (5, 3), (4, 4)
GEODETE: (5, 1), (4, 0), (3, 1), (3, 2), (4, 3), (5, 3), (6, 3)
GEOM: (5, 1), (4, 0), (3, 1), (4, 2)
GERM: (5, 1), (4, 0), (4, 1), (4, 2)
GERMEN: (5, 1), (4, 0), (4, 1), (4, 2), (4, 3), (5, 2)
GERMENS: (5, 1), (4, 0), (4, 1), (4, 2), (4, 3), (5, 2), (6, 2)
GENRO: (5, 1), (4, 0), (5, 0), (4, 1), (3, 1)
GENIT: (5, 1), (4, 0), (5, 0), (6, 0), (6, 1)
GENIE: (5, 1), (4, 0), (5, 0), (6, 0), (7, 0)
GENIE: (5, 1), (4, 0), (5, 0), (6, 0), (7, 1)
GENIES: (5, 1), (4, 0), (5, 0), (6, 0), (7, 1), (6, 2)
GENT: (5, 1), (4, 0), (5, 0), (6, 1)
GENTS: (5, 1), (4, 0), (5, 0), (6, 1), (6, 2)
GENTES: (5, 1), (4, 0), (5, 0), (6, 1), (7, 1), (6, 2)
GROT: (5, 1), (4, 1), (3, 1), (2, 2)
GROTE: (5, 1), (4, 1), (3, 1), (2, 2), (1, 2)
GROTEN: (5, 1), (4, 1), (3, 1), (2, 2), (1, 2), (0, 1)
GROTEN: (5, 1), (4, 1), (3, 1), (2, 2), (1, 2), (0, 3)
GROTEN: (5, 1), (4, 1), (3, 1), (2, 2), (1, 2), (1, 3)
GROMA: (5, 1), (4, 1), (3, 1), (4, 2), (3, 3)
GROMET: (5, 1), (4, 1), (3, 1), (4, 2), (4, 3), (5, 3)
GREX: (5, 1), (4, 1), (4, 0), (3, 0)
GITE: (5, 1), (6, 0), (6, 1), (7, 0)
GITE: (5, 1), (6, 0), (6, 1), (7, 1)
GIES: (5, 1), (6, 0), (7, 1), (6, 2)
GIESEL: (5, 1), (6, 0), (7, 1), (6, 2), (6, 3), (7, 3)
NEAT: (5, 2), (4, 3), (3, 3), (2, 2)
NEATEN: (5, 2), (4, 3), (3, 3), (2, 2), (1, 2), (0, 1)
NEATEN: (5, 2), (4, 3), (3, 3), (2, 2), (1, 2), (0, 3)
NEATEN: (5, 2), (4, 3), (3, 3), (2, 2), (1, 2), (1, 3)
NEATH: (5, 2), (4, 3), (3, 3), (2, 2), (2, 1)
NESE: (5, 2), (4, 3), (3, 4), (4, 4)
NEMO: (5, 2), (4, 3), (4, 2), (3, 1)
NEMA: (5, 2), (4, 3), (4, 2), (3, 3)
NEMAS: (5, 2), (4, 3), (4, 2), (3, 3), (3, 4)
NEET: (5, 2), (4, 3), (4, 4), (5, 3)
NETE: (5, 2), (4, 3), (5, 3), (4, 4)
NETS: (5, 2), (4, 3), (5, 3), (6, 2)
NETE: (5, 2), (4, 3), (5, 3), (6, 3)
NEON: (5, 2), (4, 3), (5, 4), (5, 5)
NETE: (5, 2), (6, 3), (5, 3), (4, 3)
NETE: (5, 2), (6, 3), (5, 3), (4, 4)
NETS: (5, 2), (6, 3), (5, 3), (6, 2)
NEON: (5, 2), (6, 3), (5, 4), (5, 5)
NEST: (5, 2), (6, 3), (6, 2), (5, 3)
NESTED: (5, 2), (6, 3), (6, 2), (5, 3), (4, 3), (3, 2)
NEST: (5, 2), (6, 3), (6, 2), (6, 1)
NESTING: (5, 2), (6, 3), (6, 2), (6, 1), (6, 0), (5, 0), (5, 1)
NESE: (5, 2), (6, 3), (6, 2), (7, 1)
NEMO: (5, 2), (6, 3), (6, 4), (5, 4)
NEBS: (5, 2), (6, 3), (7, 2), (6, 2)
TEDA: (5, 3), (4, 3), (3, 2), (3, 3)
TEAT: (5, 3), (4, 3), (3, 3), (2, 2)
TEATHE: (5, 3), (4, 3), (3, 3), (2, 2), (2, 1), (1, 2)
TEAGUE: (5, 3), (4, 3), (3, 3), (2, 4), (3, 5), (4, 4)
TEAD: (5, 3), (4, 3), (3, 3), (3, 2)
TEAS: (5, 3), (4, 3), (3, 3), (3, 4)
TEASE: (5, 3), (4, 3), (3, 3), (3, 4), (4, 4)
TEAM: (5, 3), (4, 3), (3, 3), (4, 2)
TEMA: (5, 3), (4, 3), (4, 2), (3, 3)
TEMNE: (5, 3), (4, 3), (4, 2), (5, 2), (6, 3)
TEES: (5, 3), (4, 3), (4, 4), (3, 4)
TEEN: (5, 3), (4, 3), (4, 4), (5, 5)
TENG: (5, 3), (4, 3), (5, 2), (5, 1)
TENT: (5, 3), (4, 3), (5, 2), (6, 1)
TENTING: (5, 3), (4, 3), (5, 2), (6, 1), (6, 0), (5, 0), (5, 1)
TENTIE: (5, 3), (4, 3), (5, 2), (6, 1), (6, 0), (7, 0)
TENTIE: (5, 3), (4, 3), (5, 2), (6, 1), (6, 0), (7, 1)
TENTS: (5, 3), (4, 3), (5, 2), (6, 1), (6, 2)
TENS: (5, 3), (4, 3), (5, 2), (6, 2)
TENSE: (5, 3), (4, 3), (5, 2), (6, 2), (6, 3)
TENSE: (5, 3), (4, 3), (5, 2), (6, 2), (7, 1)
TEAT: (5, 3), (4, 4), (3, 3), (2, 2)
TEATHE: (5, 3), (4, 4), (3, 3), (2, 2), (2, 1), (1, 2)
TEAD: (5, 3), (4, 4), (3, 3), (3, 2)
TEAS: (5, 3), (4, 4), (3, 3), (3, 4)
TEASE: (5, 3), (4, 4), (3, 3), (3, 4), (4, 3)
TEASED: (5, 3), (4, 4), (3, 3), (3, 4), (4, 3), (3, 2)
TEAM: (5, 3), (4, 4), (3, 3), (4, 2)
TEAMED: (5, 3), (4, 4), (3, 3), (4, 2), (4, 3), (3, 2)
TEAMEO: (5, 3), (4, 4), (3, 3), (4, 2), (4, 3), (5, 4)
TEED: (5, 3), (4, 4), (4, 3), (3, 2)
TEES: (5, 3), (4, 4), (4, 3), (3, 4)
TEEM: (5, 3), (4, 4), (4, 3), (4, 2)
TEEN: (5, 3), (4, 4), (4, 3), (5, 2)
TEENS: (5, 3), (4, 4), (4, 3), (5, 2), (6, 2)
TEGS: (5, 3), (4, 4), (4, 5), (3, 4)
TENG: (5, 3), (4, 4), (5, 5), (4, 5)
TENGU: (5, 3), (4, 4), (5, 5), (4, 5), (3, 5)
TOED: (5, 3), (5, 4), (4, 3), (3, 2)
TOEA: (5, 3), (5, 4), (4, 3), (3, 3)
TOES: (5, 3), (5, 4), (4, 3), (3, 4)
TOEA: (5, 3), (5, 4), (4, 4), (3, 3)
TOES: (5, 3), (5, 4), (4, 4), (3, 4)
TOGS: (5, 3), (5, 4), (4, 5), (3, 4)
TOGUE: (5, 3), (5, 4), (4, 5), (3, 5), (4, 4)
TOGUES: (5, 3), (5, 4), (4, 5), (3, 5), (4, 4), (3, 4)
TONE: (5, 3), (5, 4), (5, 5), (4, 4)
TONES: (5, 3), (5, 4), (5, 5), (4, 4), (3, 4)
TONG: (5, 3), (5, 4), (5, 5), (4, 5)
TONGS: (5, 3), (5, 4), (5, 5), (4, 5), (3, 4)
TONGUE: (5, 3), (5, 4), (5, 5), (4, 5), (3, 5), (4, 4)
TONGUES: (5, 3), (5, 4), (5, 5), (4, 5), (3, 5), (4, 4), (3, 4)
TOES: (5, 3), (5, 4), (6, 3), (6, 2)
TOME: (5, 3), (5, 4), (6, 4), (6, 3)
TOMENT: (5, 3), (5, 4), (6, 4), (6, 3), (5, 2), (6, 1)
TOMES: (5, 3), (5, 4), (6, 4), (6, 3), (6, 2)
TOMB: (5, 3), (5, 4), (6, 4), (7, 4)
TOMBE: (5, 3), (5, 4), (6, 4), (7, 4), (6, 3)
TOMB: (5, 3), (5, 4), (6, 4), (7, 5)
TENG: (5, 3), (6, 3), (5, 2), (5, 1)
TENT: (5, 3), (6, 3), (5, 2), (6, 1)
TENTING: (5, 3), (6, 3), (5, 2), (6, 1), (6, 0), (5, 0), (5, 1)
TENTIE: (5, 3), (6, 3), (5, 2), (6, 1), (6, 0), (7, 0)
TENTIE: (5, 3), (6, 3), (5, 2), (6, 1), (6, 0), (7, 1)
TENTS: (5, 3), (6, 3), (5, 2), (6, 1), (6, 2)
TENS: (5, 3), (6, 3), (5, 2), (6, 2)
TENSE: (5, 3), (6, 3), (5, 2), (6, 2), (7, 1)
TEST: (5, 3), (6, 3), (6, 2), (6, 1)
TESTING: (5, 3), (6, 3), (6, 2), (6, 1), (6, 0), (5, 0), (5, 1)
TESTE: (5, 3), (6, 3), (6, 2), (6, 1), (7, 0)
TESTEE: (5, 3), (6, 3), (6, 2), (6, 1), (7, 0), (7, 1)
TESTE: (5, 3), (6, 3), (6, 2), (6, 1), (7, 1)
TESTEE: (5, 3), (6, 3), (6, 2), (6, 1), (7, 1), (7, 0)
TEMNE: (5, 3), (6, 3), (6, 4), (5, 5), (4, 4)
TEMBU: (5, 3), (6, 3), (6, 4), (7, 4), (6, 5)
TEMBU: (5, 3), (6, 3), (6, 4), (7, 5), (6, 5)
TEBET: (5, 3), (6, 3), (7, 2), (7, 1), (6, 1)
TEBU: (5, 3), (6, 3), (7, 4), (6, 5)
OGEE: (5, 4), (4, 5), (4, 4), (4, 3)
OGEED: (5, 4), (4, 5), (4, 4), (4, 3), (3, 2)
OGEES: (5, 4), (4, 5), (4, 4), (4, 3), (3, 4)
ONES: (5, 4), (5, 5), (4, 4), (3, 4)
OMNES: (5, 4), (6, 4), (5, 5), (4, 4), (3, 4)
OMEN: (5, 4), (6, 4), (6, 3), (5, 2)
OMENED: (5, 4), (6, 4), (6, 3), (5, 2), (4, 3), (3, 2)
OMENS: (5, 4), (6, 4), (6, 3), (5, 2), (6, 2)
NEAT: (5, 5), (4, 4), (3, 3), (2, 2)
NEATEN: (5, 5), (4, 4), (3, 3), (2, 2), (1, 2), (0, 1)
NEATEN: (5, 5), (4, 4), (3, 3), (2, 2), (1, 2), (0, 3)
NEATEN: (5, 5), (4, 4), (3, 3), (2, 2), (1, 2), (1, 3)
NEATH: (5, 5), (4, 4), (3, 3), (2, 2), (2, 1)
NESE: (5, 5), (4, 4), (3, 4), (4, 3)
NEED: (5, 5), (4, 4), (4, 3), (3, 2)
NEEM: (5, 5), (4, 4), (4, 3), (4, 2)
NEET: (5, 5), (4, 4), (4, 3), (5, 3)
NEGUS: (5, 5), (4, 4), (4, 5), (3, 5), (3, 4)
NETMEN: (5, 5), (4, 4), (5, 3), (4, 2), (4, 3), (5, 2)
NETE: (5, 5), (4, 4), (5, 3), (4, 3)
NETS: (5, 5), (4, 4), (5, 3), (6, 2)
NETE: (5, 5), (4, 4), (5, 3), (6, 3)
NETMEN: (5, 5), (4, 4), (5, 3), (6, 4), (6, 3), (5, 2)
NOES: (5, 5), (5, 4), (4, 3), (3, 4)
NOES: (5, 5), (5, 4), (4, 4), (3, 4)
NOGS: (5, 5), (5, 4), (4, 5), (3, 4)
NOTE: (5, 5), (5, 4), (5, 3), (4, 3)
NOTED: (5, 5), (5, 4), (5, 3), (4, 3), (3, 2)
NOTES: (5, 5), (5, 4), (5, 3), (4, 3), (3, 4)
NOTE: (5, 5), (5, 4), (5, 3), (4, 4)
NOTES: (5, 5), (5, 4), (5, 3), (4, 4), (3, 4)
NOTS: (5, 5), (5, 4), (5, 3), (6, 2)
NOTE: (5, 5), (5, 4), (5, 3), (6, 3)
NOTES: (5, 5), (5, 4), (5, 3), (6, 3), (6, 2)
NOES: (5, 5), (5, 4), (6, 3), (6, 2)
NOEL: (5, 5), (5, 4), (6, 3), (7, 3)
NOELS: (5, 5), (5, 4), (6, 3), (7, 3), (6, 2)
NOME: (5, 5), (5, 4), (6, 4), (6, 3)
NOMEN: (5, 5), (5, 4), (6, 4), (6, 3), (5, 2)
NOMES: (5, 5), (5, 4), (6, 4), (6, 3), (6, 2)
NOMBLES: (5, 5), (5, 4), (6, 4), (7, 4), (7, 3), (6, 3), (6, 2)
NUMEN: (5, 5), (6, 5), (6, 4), (6, 3), (5, 2)
NUMB: (5, 5), (6, 5), (6, 4), (7, 4)
NUMBEST: (5, 5), (6, 5), (6, 4), (7, 4), (6, 3), (6, 2), (5, 3)
NUMBEST: (5, 5), (6, 5), (6, 4), (7, 4), (6, 3), (6, 2), (6, 1)
NUMBLE: (5, 5), (6, 5), (6, 4), (7, 4), (7, 3), (6, 3)
NUMBLES: (5, 5), (6, 5), (6, 4), (7, 4), (7, 3), (6, 3), (6, 2)
NUMB: (5, 5), (6, 5), (6, 4), (7, 5)
NUBBLE: (5, 5), (6, 5), (7, 5), (7, 4), (7, 3), (6, 3)
NUBBLES: (5, 5), (6, 5), (7, 5), (7, 4), (7, 3), (6, 3), (6, 2)
INERM: (6, 0), (5, 0), (4, 0), (4, 1), (4, 2)
INERMES: (6, 0), (5, 0), (4, 0), (4, 1), (4, 2), (4, 3), (3, 4)
INRO: (6, 0), (5, 0), (4, 1), (3, 1)
INGER: (6, 0), (5, 0), (5, 1), (4, 0), (4, 1)
TINE: (6, 1), (6, 0), (5, 0), (4, 0)
TING: (6, 1), (6, 0), (5, 0), (5, 1)
TINGE: (6, 1), (6, 0), (5, 0), (5, 1), (4, 0)
TINGER: (6, 1), (6, 0), (5, 0), (5, 1), (4, 0), (4, 1)
TINGS: (6, 1), (6, 0), (5, 0), (5, 1), (6, 2)
TIGE: (6, 1), (6, 0), (5, 1), (4, 0)
TIGER: (6, 1), (6, 0), (5, 1), (4, 0), (4, 1)
TIGRE: (6, 1), (6, 0), (5, 1), (4, 1), (4, 0)
TIES: (6, 1), (6, 0), (7, 1), (6, 2)
TEEING: (6, 1), (7, 0), (7, 1), (6, 0), (5, 0), (5, 1)
TEES: (6, 1), (7, 0), (7, 1), (6, 2)
TEEST: (6, 1), (7, 0), (7, 1), (6, 2), (5, 3)
TEST: (6, 1), (7, 1), (6, 2), (5, 3)
TESTE: (6, 1), (7, 1), (6, 2), (5, 3), (4, 3)
TESTED: (6, 1), (7, 1), (6, 2), (5, 3), (4, 3), (3, 2)
TESTES: (6, 1), (7, 1), (6, 2), (5, 3), (4, 3), (3, 4)
TESTEE: (6, 1), (7, 1), (6, 2), (5, 3), (4, 3), (4, 4)
TESTEES: (6, 1), (7, 1), (6, 2), (5, 3), (4, 3), (4, 4), (3, 4)
TESTE: (6, 1), (7, 1), (6, 2), (5, 3), (4, 4)
TESTES: (6, 1), (7, 1), (6, 2), (5, 3), (4, 4), (3, 4)
TESTEE: (6, 1), (7, 1), (6, 2), (5, 3), (4, 4), (4, 3)
TESTEES: (6, 1), (7, 1), (6, 2), (5, 3), (4, 4), (4, 3), (3, 4)
TESTON: (6, 1), (7, 1), (6, 2), (5, 3), (5, 4), (5, 5)
TESTONE: (6, 1), (7, 1), (6, 2), (5, 3), (5, 4), (5, 5), (4, 4)
TESTE: (6, 1), (7, 1), (6, 2), (5, 3), (6, 3)
TEEING: (6, 1), (7, 1), (7, 0), (6, 0), (5, 0), (5, 1)
TEBET: (6, 1), (7, 1), (7, 2), (6, 3), (5, 3)
SNED: (6, 2), (5, 2), (4, 3), (3, 2)
SNEATH: (6, 2), (5, 2), (4, 3), (3, 3), (2, 2), (2, 1)
SNEATHE: (6, 2), (5, 2), (4, 3), (3, 3), (2, 2), (2, 1), (1, 2)
SNEAD: (6, 2), (5, 2), (4, 3), (3, 3), (3, 2)
SNEE: (6, 2), (5, 2), (4, 3), (4, 4)
SNEB: (6, 2), (5, 2), (6, 3), (7, 2)
SNEB: (6, 2), (5, 2), (6, 3), (7, 4)
STEAD: (6, 2), (5, 3), (4, 3), (3, 3), (3, 2)
STEAM: (6, 2), (5, 3), (4, 3), (3, 3), (4, 2)
STEM: (6, 2), (5, 3), (4, 3), (4, 2)
STEMA: (6, 2), (5, 3), (4, 3), (4, 2), (3, 3)
STEEN: (6, 2), (5, 3), (4, 3), (4, 4), (5, 5)
STEN: (6, 2), (5, 3), (4, 3), (5, 2)
STENG: (6, 2), (5, 3), (4, 3), (5, 2), (5, 1)
STENT: (6, 2), (5, 3), (4, 3), (5, 2), (6, 1)
STENTING: (6, 2), (5, 3), (4, 3), (5, 2), (6, 1), (6, 0), (5, 0), (5, 1)
STEAD: (6, 2), (5, 3), (4, 4), (3, 3), (3, 2)
STEAM: (6, 2), (5, 3), (4, 4), (3, 3), (4, 2)
STEAMED: (6, 2), (5, 3), (4, 4), (3, 3), (4, 2), (4, 3), (3, 2)
STEED: (6, 2), (5, 3), (4, 4), (4, 3), (3, 2)
STEEM: (6, 2), (5, 3), (4, 4), (4, 3), (4, 2)
STEEN: (6, 2), (5, 3), (4, 4), (4, 3), (5, 2)
STEG: (6, 2), (5, 3), (4, 4), (4, 5)
STEN: (6, 2), (5, 3), (4, 4), (5, 5)
STENG: (6, 2), (5, 3), (4, 4), (5, 5), (4, 5)
STENO: (6, 2), (5, 3), (4, 4), (5, 5), (5, 4)
STENOG: (6, 2), (5, 3), (4, 4), (5, 5), (5, 4), (4, 5)
STOG: (6, 2), (5, 3), (5, 4), (4, 5)
STONE: (6, 2), (5, 3), (5, 4), (5, 5), (4, 4)
STONES: (6, 2), (5, 3), (5, 4), (5, 5), (4, 4), (3, 4)
STONG: (6, 2), (5, 3), (5, 4), (5, 5), (4, 5)
STOUN: (6, 2), (5, 3), (5, 4), (6, 5), (5, 5)
STEN: (6, 2), (5, 3), (6, 3), (5, 2)
STENG: (6, 2), (5, 3), (6, 3), (5, 2), (5, 1)
STENT: (6, 2), (5, 3), (6, 3), (5, 2), (6, 1)
STENTING: (6, 2), (5, 3), (6, 3), (5, 2), (6, 1), (6, 0), (5, 0), (5, 1)
STEM: (6, 2), (5, 3), (6, 3), (6, 4)
STGE: (6, 2), (6, 1), (5, 1), (4, 0)
STINE: (6, 2), (6, 1), (6, 0), (5, 0), (4, 0)
STING: (6, 2), (6, 1), (6, 0), (5, 0), (5, 1)
STINGE: (6, 2), (6, 1), (6, 0), (5, 0), (5, 1), (4, 0)
STINGER: (6, 2), (6, 1), (6, 0), (5, 0), (5, 1), (4, 0), (4, 1)
STIGMA: (6, 2), (6, 1), (6, 0), (5, 1), (4, 2), (3, 3)
STIGMAT: (6, 2), (6, 1), (6, 0), (5, 1), (4, 2), (3, 3), (2, 2)
STIGMAS: (6, 2), (6, 1), (6, 0), (5, 1), (4, 2), (3, 3), (3, 4)
STIGME: (6, 2), (6, 1), (6, 0), (5, 1), (4, 2), (4, 3)
STIGMES: (6, 2), (6, 1), (6, 0), (5, 1), (4, 2), (4, 3), (3, 4)
STEIN: (6, 2), (6, 1), (7, 0), (6, 0), (5, 0)
STEIN: (6, 2), (6, 1), (7, 1), (6, 0), (5, 0)
SENGI: (6, 2), (6, 3), (5, 2), (5, 1), (6, 0)
SENT: (6, 2), (6, 3), (5, 2), (5, 3)
SENT: (6, 2), (6, 3), (5, 2), (6, 1)
SENTI: (6, 2), (6, 3), (5, 2), (6, 1), (6, 0)
SENTINE: (6, 2), (6, 3), (5, 2), (6, 1), (6, 0), (5, 0), (4, 0)
SETON: (6, 2), (6, 3), (5, 3), (5, 4), (5, 5)
SEMOTED: (6, 2), (6, 3), (6, 4), (5, 4), (5, 3), (4, 3), (3, 2)
SEBUM: (6, 2), (6, 3), (7, 4), (6, 5), (6, 4)
SEINE: (6, 2), (7, 1), (6, 0), (5, 0), (4, 0)
SEINER: (6, 2), (7, 1), (6, 0), (5, 0), (4, 0), (4, 1)
SEIGE: (6, 2), (7, 1), (6, 0), (5, 1), (4, 0)
SEIT: (6, 2), (7, 1), (6, 0), (6, 1)
SETNET: (6, 2), (7, 1), (6, 1), (5, 2), (4, 3), (5, 3)
SETNET: (6, 2), (7, 1), (6, 1), (5, 2), (6, 3), (5, 3)
SETIGER: (6, 2), (7, 1), (6, 1), (6, 0), (5, 1), (4, 0), (4, 1)
SEEING: (6, 2), (7, 1), (7, 0), (6, 0), (5, 0), (5, 1)
SLENT: (6, 2), (7, 3), (6, 3), (5, 2), (5, 3)
SLENT: (6, 2), (7, 3), (6, 3), (5, 2), (6, 1)
SLETE: (6, 2), (7, 3), (6, 3), (5, 3), (4, 3)
SLETE: (6, 2), (7, 3), (6, 3), (5, 3), (4, 4)
SLEB: (6, 2), (7, 3), (6, 3), (7, 2)
SLEB: (6, 2), (7, 3), (6, 3), (7, 4)
ENED: (6, 3), (5, 2), (4, 3), (3, 2)
ENEAS: (6, 3), (5, 2), (4, 3), (3, 3), (3, 4)
ENEMA: (6, 3), (5, 2), (4, 3), (4, 2), (3, 3)
ENEMAS: (6, 3), (5, 2), (4, 3), (4, 2), (3, 3), (3, 4)
ENGR: (6, 3), (5, 2), (5, 1), (4, 1)
ENGIN: (6, 3), (5, 2), (5, 1), (6, 0), (5, 0)
ENGINE: (6, 3), (5, 2), (5, 1), (6, 0), (5, 0), (4, 0)
ENGS: (6, 3), (5, 2), (5, 1), (6, 2)
ENTEA: (6, 3), (5, 2), (5, 3), (4, 3), (3, 3)
ENTEA: (6, 3), (5, 2), (5, 3), (4, 4), (3, 3)
ENTONE: (6, 3), (5, 2), (5, 3), (5, 4), (5, 5), (4, 4)
ENTOM: (6, 3), (5, 2), (5, 3), (5, 4), (6, 4)
ENTOMB: (6, 3), (5, 2), (5, 3), (5, 4), (6, 4), (7, 4)
ENTOMB: (6, 3), (5, 2), (5, 3), (5, 4), (6, 4), (7, 5)
ENTIES: (6, 3), (5, 2), (6, 1), (6, 0), (7, 1), (6, 2)
ENSE: (6, 3), (5, 2), (6, 2), (7, 1)
ENSETE: (6, 3), (5, 2), (6, 2), (7, 1), (6, 1), (7, 0)
ETEN: (6, 3), (5, 3), (4, 3), (5, 2)
ETEN: (6, 3), (5, 3), (4, 4), (5, 5)
ETON: (6, 3), (5, 3), (5, 4), (5, 5)
ESNE: (6, 3), (6, 2), (5, 2), (4, 3)
ESTEEM: (6, 3), (6, 2), (5, 3), (4, 4), (4, 3), (4, 2)
EMOTE: (6, 3), (6, 4), (5, 4), (5, 3), (4, 3)
EMOTED: (6, 3), (6, 4), (5, 4), (5, 3), (4, 3), (3, 2)
EMOTES: (6, 3), (6, 4), (5, 4), (5, 3), (4, 3), (3, 4)
EMOTE: (6, 3), (6, 4), (5, 4), (5, 3), (4, 4)
EMOTES: (6, 3), (6, 4), (5, 4), (5, 3), (4, 4), (3, 4)
EMONG: (6, 3), (6, 4), (5, 4), (5, 5), (4, 5)
EMUNGE: (6, 3), (6, 4), (6, 5), (5, 5), (4, 5), (4, 4)
ELSE: (6, 3), (7, 3), (6, 2), (7, 1)
MOED: (6, 4), (5, 4), (4, 3), (3, 2)
MOET: (6, 4), (5, 4), (4, 3), (5, 3)
MOET: (6, 4), (5, 4), (4, 4), (5, 3)
MOGS: (6, 4), (5, 4), (4, 5), (3, 4)
MOTMOT: (6, 4), (5, 4), (5, 3), (4, 2), (3, 1), (2, 2)
MOTE: (6, 4), (5, 4), (5, 3), (4, 3)
MOTED: (6, 4), (5, 4), (5, 3), (4, 3), (3, 2)
MOTES: (6, 4), (5, 4), (5, 3), (4, 3), (3, 4)
MOTE: (6, 4), (5, 4), (5, 3), (4, 4)
MOTES: (6, 4), (5, 4), (5, 3), (4, 4), (3, 4)
MOTS: (6, 4), (5, 4), (5, 3), (6, 2)
MOTE: (6, 4), (5, 4), (5, 3), (6, 3)
MOTES: (6, 4), (5, 4), (5, 3), (6, 3), (6, 2)
MOTEL: (6, 4), (5, 4), (5, 3), (6, 3), (7, 3)
MOTELS: (6, 4), (5, 4), (5, 3), (6, 3), (7, 3), (6, 2)
MONE: (6, 4), (5, 4), (5, 5), (4, 4)
MONG: (6, 4), (5, 4), (5, 5), (4, 5)
MOET: (6, 4), (5, 4), (6, 3), (5, 3)
MOUN: (6, 4), (5, 4), (6, 5), (5, 5)
MENE: (6, 4), (6, 3), (5, 2), (4, 3)
MENG: (6, 4), (6, 3), (5, 2), (5, 1)
MENT: (6, 4), (6, 3), (5, 2), (5, 3)
MENT: (6, 4), (6, 3), (5, 2), (6, 1)
MENS: (6, 4), (6, 3), (5, 2), (6, 2)
MENSE: (6, 4), (6, 3), (5, 2), (6, 2), (7, 1)
METE: (6, 4), (6, 3), (5, 3), (4, 3)
METED: (6, 4), (6, 3), (5, 3), (4, 3), (3, 2)
METES: (6, 4), (6, 3), (5, 3), (4, 3), (3, 4)
METE: (6, 4), (6, 3), (5, 3), (4, 4)
METES: (6, 4), (6, 3), (5, 3), (4, 4), (3, 4)
METS: (6, 4), (6, 3), (5, 3), (6, 2)
MESNE: (6, 4), (6, 3), (6, 2), (5, 2), (4, 3)
MEST: (6, 4), (6, 3), (6, 2), (5, 3)
MESTEE: (6, 4), (6, 3), (6, 2), (5, 3), (4, 3), (4, 4)
MESTEES: (6, 4), (6, 3), (6, 2), (5, 3), (4, 3), (4, 4), (3, 4)
MESTEE: (6, 4), (6, 3), (6, 2), (5, 3), (4, 4), (4, 3)
MESTEES: (6, 4), (6, 3), (6, 2), (5, 3), (4, 4), (4, 3), (3, 4)
MESTENO: (6, 4), (6, 3), (6, 2), (5, 3), (4, 4), (5, 5), (5, 4)
MEST: (6, 4), (6, 3), (6, 2), (6, 1)
MESTEE: (6, 4), (6, 3), (6, 2), (6, 1), (7, 0), (7, 1)
MESTEE: (6, 4), (6, 3), (6, 2), (6, 1), (7, 1), (7, 0)
MESE: (6, 4), (6, 3), (6, 2), (7, 1)
MELS: (6, 4), (6, 3), (7, 3), (6, 2)
MUON: (6, 4), (6, 5), (5, 4), (5, 5)
MUONG: (6, 4), (6, 5), (5, 4), (5, 5), (4, 5)
MUNG: (6, 4), (6, 5), (5, 5), (4, 5)
MUNGE: (6, 4), (6, 5), (5, 5), (4, 5), (4, 4)
MUNGO: (6, 4), (6, 5), (5, 5), (4, 5), (5, 4)
UNEATEN: (6, 5), (5, 5), (4, 4), (3, 3), (2, 2), (1, 2), (0, 1)
UNEATEN: (6, 5), (5, 5), (4, 4), (3, 3), (2, 2), (1, 2), (0, 3)
UNEATEN: (6, 5), (5, 5), (4, 4), (3, 3), (2, 2), (1, 2), (1, 3)
UNEATH: (6, 5), (5, 5), (4, 4), (3, 3), (2, 2), (2, 1)
UNEASE: (6, 5), (5, 5), (4, 4), (3, 3), (3, 4), (4, 3)
UNGUES: (6, 5), (5, 5), (4, 5), (3, 5), (4, 4), (3, 4)
UNGET: (6, 5), (5, 5), (4, 5), (4, 4), (5, 3)
UNGOT: (6, 5), (5, 5), (4, 5), (5, 4), (5, 3)
UNOMENED: (6, 5), (5, 5), (5, 4), (6, 4), (6, 3), (5, 2), (4, 3), (3, 2)
UNMET: (6, 5), (5, 5), (6, 4), (6, 3), (5, 3)
UNMETE: (6, 5), (5, 5), (6, 4), (6, 3), (5, 3), (4, 3)
UNMETED: (6, 5), (5, 5), (6, 4), (6, 3), (5, 3), (4, 3), (3, 2)
UNMETE: (6, 5), (5, 5), (6, 4), (6, 3), (5, 3), (4, 4)
UMTEEN: (6, 5), (6, 4), (5, 3), (4, 3), (4, 4), (5, 5)
UMTEEN: (6, 5), (6, 4), (5, 3), (4, 4), (4, 3), (5, 2)
UMEST: (6, 5), (6, 4), (6, 3), (6, 2), (5, 3)
UMEST: (6, 5), (6, 4), (6, 3), (6, 2), (6, 1)
UMBESET: (6, 5), (6, 4), (7, 4), (6, 3), (6, 2), (7, 1), (6, 1)
UMBEL: (6, 5), (6, 4), (7, 4), (6, 3), (7, 3)
UMBELS: (6, 5), (6, 4), (7, 4), (6, 3), (7, 3), (6, 2)
UMBLE: (6, 5), (6, 4), (7, 4), (7, 3), (6, 3)
UMBLES: (6, 5), (6, 4), (7, 4), (7, 3), (6, 3), (6, 2)
EIGNE: (7, 0), (6, 0), (5, 1), (5, 0), (4, 0)
EIGNE: (7, 0), (6, 0), (5, 1), (5, 2), (4, 3)
EIGNE: (7, 0), (6, 0), (5, 1), (5, 2), (6, 3)
EIGNE: (7, 1), (6, 0), (5, 1), (5, 0), (4, 0)
EIGNE: (7, 1), (6, 0), (5, 1), (5, 2), (4, 3)
EIGNE: (7, 1), (6, 0), (5, 1), (5, 2), (6, 3)
ESNE: (7, 1), (6, 2), (5, 2), (4, 3)
ESNE: (7, 1), (6, 2), (5, 2), (6, 3)
ESTEEM: (7, 1), (6, 2), (5, 3), (4, 4), (4, 3), (4, 2)
EBEN: (7, 1), (7, 2), (6, 3), (5, 2)
BENE: (7, 2), (6, 3), (5, 2), (4, 3)
BENEATH: (7, 2), (6, 3), (5, 2), (4, 3), (3, 3), (2, 2), (2, 1)
BENES: (7, 2), (6, 3), (5, 2), (4, 3), (3, 4)
BENET: (7, 2), (6, 3), (5, 2), (4, 3), (5, 3)
BENG: (7, 2), (6, 3), (5, 2), (5, 1)
BENT: (7, 2), (6, 3), (5, 2), (5, 3)
BENTON: (7, 2), (6, 3), (5, 2), (5, 3), (5, 4), (5, 5)
BENTS: (7, 2), (6, 3), (5, 2), (5, 3), (6, 2)
BENT: (7, 2), (6, 3), (5, 2), (6, 1)
BENTING: (7, 2), (6, 3), (5, 2), (6, 1), (6, 0), (5, 0), (5, 1)
BENTS: (7, 2), (6, 3), (5, 2), (6, 1), (6, 2)
BENS: (7, 2), (6, 3), (5, 2), (6, 2)
BETE: (7, 2), (6, 3), (5, 3), (4, 3)
BETES: (7, 2), (6, 3), (5, 3), (4, 3), (3, 4)
BETE: (7, 2), (6, 3), (5, 3), (4, 4)
BETES: (7, 2), (6, 3), (5, 3), (4, 4), (3, 4)
BETEEM: (7, 2), (6, 3), (5, 3), (4, 4), (4, 3), (4, 2)
BETON: (7, 2), (6, 3), (5, 3), (5, 4), (5, 5)
BETONE: (7, 2), (6, 3), (5, 3), (5, 4), (5, 5), (4, 4)
BETONGUE: (7, 2), (6, 3), (5, 3), (5, 4), (5, 5), (4, 5), (3, 5), (4, 4)
BETS: (7, 2), (6, 3), (5, 3), (6, 2)
BEST: (7, 2), (6, 3), (6, 2), (5, 3)
BESTED: (7, 2), (6, 3), (6, 2), (5, 3), (4, 3), (3, 2)
BESTEAD: (7, 2), (6, 3), (6, 2), (5, 3), (4, 3), (3, 3), (3, 2)
BESTEAD: (7, 2), (6, 3), (6, 2), (5, 3), (4, 4), (3, 3), (3, 2)
BEST: (7, 2), (6, 3), (6, 2), (6, 1)
BESTING: (7, 2), (6, 3), (6, 2), (6, 1), (6, 0), (5, 0), (5, 1)
BESEIGE: (7, 2), (6, 3), (6, 2), (7, 1), (6, 0), (5, 1), (4, 0)
BESET: (7, 2), (6, 3), (6, 2), (7, 1), (6, 1)
BESEE: (7, 2), (6, 3), (6, 2), (7, 1), (7, 0)
BELS: (7, 2), (6, 3), (7, 3), (6, 2)
BEIN: (7, 2), (7, 1), (6, 0), (5, 0)
BEING: (7, 2), (7, 1), (6, 0), (5, 0), (5, 1)
BEINGS: (7, 2), (7, 1), (6, 0), (5, 0), (5, 1), (6, 2)
BEIGE: (7, 2), (7, 1), (6, 0), (5, 1), (4, 0)
BEIGNET: (7, 2), (7, 1), (6, 0), (5, 1), (5, 2), (4, 3), (5, 3)
BEIGNETS: (7, 2), (7, 1), (6, 0), (5, 1), (5, 2), (4, 3), (5, 3), (6, 2)
BEIGNET: (7, 2), (7, 1), (6, 0), (5, 1), (5, 2), (6, 3), (5, 3)
BEIGNETS: (7, 2), (7, 1), (6, 0), (5, 1), (5, 2), (6, 3), (5, 3), (6, 2)
BETINGE: (7, 2), (7, 1), (6, 1), (6, 0), (5, 0), (5, 1), (4, 0)
BETS: (7, 2), (7, 1), (6, 1), (6, 2)
BETE: (7, 2), (7, 1), (6, 1), (7, 0)
BEST: (7, 2), (7, 1), (6, 2), (5, 3)
BESTED: (7, 2), (7, 1), (6, 2), (5, 3), (4, 3), (3, 2)
BESTEAD: (7, 2), (7, 1), (6, 2), (5, 3), (4, 3), (3, 3), (3, 2)
BESTEAD: (7, 2), (7, 1), (6, 2), (5, 3), (4, 4), (3, 3), (3, 2)
BEST: (7, 2), (7, 1), (6, 2), (6, 1)
BESTING: (7, 2), (7, 1), (6, 2), (6, 1), (6, 0), (5, 0), (5, 1)
BESET: (7, 2), (7, 1), (6, 2), (6, 3), (5, 3)
BESETMENT: (7, 2), (7, 1), (6, 2), (6, 3), (5, 3), (4, 2), (4, 3), (5, 2), (6, 1)
BEET: (7, 2), (7, 1), (7, 0), (6, 1)
BEETS: (7, 2), (7, 1), (7, 0), (6, 1), (6, 2)
BLENT: (7, 2), (7, 3), (6, 3), (5, 2), (5, 3)
BLENT: (7, 2), (7, 3), (6, 3), (5, 2), (6, 1)
BLENS: (7, 2), (7, 3), (6, 3), (5, 2), (6, 2)
BLET: (7, 2), (7, 3), (6, 3), (5, 3)
BLETS: (7, 2), (7, 3), (6, 3), (5, 3), (6, 2)
BLEO: (7, 2), (7, 3), (6, 3), (5, 4)
BLEST: (7, 2), (7, 3), (6, 3), (6, 2), (5, 3)
BLEST: (7, 2), (7, 3), (6, 3), (6, 2), (6, 1)
BLEB: (7, 2), (7, 3), (6, 3), (7, 4)
LENE: (7, 3), (6, 3), (5, 2), (4, 3)
LENES: (7, 3), (6, 3), (5, 2), (4, 3), (3, 4)
LENG: (7, 3), (6, 3), (5, 2), (5, 1)
LENGER: (7, 3), (6, 3), (5, 2), (5, 1), (4, 0), (4, 1)
LENT: (7, 3), (6, 3), (5, 2), (5, 3)
LENTEN: (7, 3), (6, 3), (5, 2), (5, 3), (4, 4), (5, 5)
LENTO: (7, 3), (6, 3), (5, 2), (5, 3), (5, 4)
LENT: (7, 3), (6, 3), (5, 2), (6, 1)
LENTNER: (7, 3), (6, 3), (5, 2), (6, 1), (5, 0), (4, 0), (4, 1)
LENTINER: (7, 3), (6, 3), (5, 2), (6, 1), (6, 0), (5, 0), (4, 0), (4, 1)
LENS: (7, 3), (6, 3), (5, 2), (6, 2)
LENSE: (7, 3), (6, 3), (5, 2), (6, 2), (7, 1)
LETE: (7, 3), (6, 3), (5, 3), (4, 3)
LETE: (7, 3), (6, 3), (5, 3), (4, 4)
LETO: (7, 3), (6, 3), (5, 3), (5, 4)
LETS: (7, 3), (6, 3), (5, 3), (6, 2)
LEON: (7, 3), (6, 3), (5, 4), (5, 5)
LEONE: (7, 3), (6, 3), (5, 4), (5, 5), (4, 4)
LEONES: (7, 3), (6, 3), (5, 4), (5, 5), (4, 4), (3, 4)
LEONESE: (7, 3), (6, 3), (5, 4), (5, 5), (4, 4), (3, 4), (4, 3)
LEST: (7, 3), (6, 3), (6, 2), (5, 3)
LESTE: (7, 3), (6, 3), (6, 2), (5, 3), (4, 3)
LESTE: (7, 3), (6, 3), (6, 2), (5, 3), (4, 4)
LEST: (7, 3), (6, 3), (6, 2), (6, 1)
LESTE: (7, 3), (6, 3), (6, 2), (6, 1), (7, 0)
LESTE: (7, 3), (6, 3), (6, 2), (6, 1), (7, 1)
LESE: (7, 3), (6, 3), (6, 2), (7, 1)
LEMON: (7, 3), (6, 3), (6, 4), (5, 4), (5, 5)
LEBES: (7, 3), (6, 3), (7, 2), (7, 1), (6, 2)
BENE: (7, 4), (6, 3), (5, 2), (4, 3)
BENEATH: (7, 4), (6, 3), (5, 2), (4, 3), (3, 3), (2, 2), (2, 1)
BENES: (7, 4), (6, 3), (5, 2), (4, 3), (3, 4)
BENET: (7, 4), (6, 3), (5, 2), (4, 3), (5, 3)
BENG: (7, 4), (6, 3), (5, 2), (5, 1)
BENT: (7, 4), (6, 3), (5, 2), (5, 3)
BENTON: (7, 4), (6, 3), (5, 2), (5, 3), (5, 4), (5, 5)
BENTS: (7, 4), (6, 3), (5, 2), (5, 3), (6, 2)
BENT: (7, 4), (6, 3), (5, 2), (6, 1)
BENTING: (7, 4), (6, 3), (5, 2), (6, 1), (6, 0), (5, 0), (5, 1)
BENTS: (7, 4), (6, 3), (5, 2), (6, 1), (6, 2)
BENS: (7, 4), (6, 3), (5, 2), (6, 2)
BETE: (7, 4), (6, 3), (5, 3), (4, 3)
BETES: (7, 4), (6, 3), (5, 3), (4, 3), (3, 4)
BETE: (7, 4), (6, 3), (5, 3), (4, 4)
BETES: (7, 4), (6, 3), (5, 3), (4, 4), (3, 4)
BETEEM: (7, 4), (6, 3), (5, 3), (4, 4), (4, 3), (4, 2)
BETON: (7, 4), (6, 3), (5, 3), (5, 4), (5, 5)
BETONE: (7, 4), (6, 3), (5, 3), (5, 4), (5, 5), (4, 4)
BETONGUE: (7, 4), (6, 3), (5, 3), (5, 4), (5, 5), (4, 5), (3, 5), (4, 4)
BETS: (7, 4), (6, 3), (5, 3), (6, 2)
BEST: (7, 4), (6, 3), (6, 2), (5, 3)
BESTED: (7, 4), (6, 3), (6, 2), (5, 3), (4, 3), (3, 2)
BESTEAD: (7, 4), (6, 3), (6, 2), (5, 3), (4, 3), (3, 3), (3, 2)
BESTEAD: (7, 4), (6, 3), (6, 2), (5, 3), (4, 4), (3, 3), (3, 2)
BEST: (7, 4), (6, 3), (6, 2), (6, 1)
BESTING: (7, 4), (6, 3), (6, 2), (6, 1), (6, 0), (5, 0), (5, 1)
BESEIGE: (7, 4), (6, 3), (6, 2), (7, 1), (6, 0), (5, 1), (4, 0)
BESET: (7, 4), (6, 3), (6, 2), (7, 1), (6, 1)
BESEE: (7, 4), (6, 3), (6, 2), (7, 1), (7, 0)
BELS: (7, 4), (6, 3), (7, 3), (6, 2)
BUNG: (7, 4), (6, 5), (5, 5), (4, 5)
BUNGS: (7, 4), (6, 5), (5, 5), (4, 5), (3, 4)
BUNGEE: (7, 4), (6, 5), (5, 5), (4, 5), (4, 4), (4, 3)
BUNGO: (7, 4), (6, 5), (5, 5), (4, 5), (5, 4)
BLENT: (7, 4), (7, 3), (6, 3), (5, 2), (5, 3)
BLENT: (7, 4), (7, 3), (6, 3), (5, 2), (6, 1)
BLENS: (7, 4), (7, 3), (6, 3), (5, 2), (6, 2)
BLET: (7, 4), (7, 3), (6, 3), (5, 3)
BLETS: (7, 4), (7, 3), (6, 3), (5, 3), (6, 2)
BLEO: (7, 4), (7, 3), (6, 3), (5, 4)
BLEST: (7, 4), (7, 3), (6, 3), (6, 2), (5, 3)
BLEST: (7, 4), (7, 3), (6, 3), (6, 2), (6, 1)
BLEB: (7, 4), (7, 3), (6, 3), (7, 2)
BLEBS: (7, 4), (7, 3), (6, 3), (7, 2), (6, 2)
BUNG: (7, 5), (6, 5), (5, 5), (4, 5)
BUNGS: (7, 5), (6, 5), (5, 5), (4, 5), (3, 4)
BUNGEE: (7, 5), (6, 5), (5, 5), (4, 5), (4, 4), (4, 3)
BUNGO: (7, 5), (6, 5), (5, 5), (4, 5), (5, 4)
BUMBLE: (7, 5), (6, 5), (6, 4), (7, 4), (7, 3), (6, 3)
BUMBLES: (7, 5), (6, 5), (6, 4), (7, 4), (7, 3), (6, 3), (6, 2)
BUMBLEBEE: (7, 5), (6, 5), (6, 4), (7, 4), (7, 3), (6, 3), (7, 2), (7, 1), (7, 0)
BUBE: (7, 5), (6, 5), (7, 4), (6, 3)
BBLS: (7, 5), (7, 4), (7, 3), (6, 2)
